#Parameters = {h=500}
#"Wavelength / nm"	"Total RCS [pw] (h=500) [Real Part]"
#------------------------------------------------------
400.00000000000	33299960.545399
401.00000000000	32725516.908475
402.00000000000	32146664.370226
403.00000000000	31503375.050568
404.00000000000	30809913.623986
405.00000000000	30149477.336563
406.00000000000	29613030.400580
407.00000000000	29230470.933204
408.00000000000	28949688.446862
409.00000000000	28680846.349863
410.00000000000	28370458.129845
411.00000000000	28044976.981063
412.00000000000	27789151.289368
413.00000000000	27677253.000686
414.00000000000	27713274.720722
415.00000000000	27828041.322526
416.00000000000	27934561.304533
417.00000000000	27996382.604824
418.00000000000	28054257.651107
419.00000000000	28191013.944428
420.00000000000	28463112.958462
421.00000000000	28853674.789839
422.00000000000	29283065.704182
423.00000000000	29667978.332181
424.00000000000	29982385.305247
425.00000000000	30273245.023229
426.00000000000	30619709.226248
427.00000000000	31067908.516509
428.00000000000	31590456.173632
429.00000000000	32101364.685103
430.00000000000	32515660.283243
435.00000000000	33996471.838857
440.00000000000	34969790.283072
445.00000000000	35992362.773440
450.00000000000	36138595.257978
455.00000000000	36618546.592407
460.00000000000	37232703.721384
465.00000000000	37407588.241413
470.00000000000	38513246.424651
475.00000000000	38886019.101989
480.00000000000	40182757.353052
485.00000000000	40928077.787553
490.00000000000	42285019.682113
495.00000000000	43282272.898235
500.00000000000	44686050.381195
505.00000000000	45705558.641163
510.00000000000	47130518.161353
515.00000000000	47928964.793559
520.00000000000	49230458.868563
525.00000000000	49502339.546472
526.00000000000	49648121.911463
527.00000000000	49825906.145150
528.00000000000	50002338.608534
529.00000000000	50139352.303184
530.00000000000	50204681.303138
531.00000000000	50182002.478516
532.00000000000	50075116.131429
533.00000000000	49906867.848234
534.00000000000	49713365.874714
535.00000000000	49533983.761919
536.00000000000	49401843.798991
537.00000000000	49336598.421257
538.00000000000	49340871.998803
539.00000000000	49402283.878673
540.00000000000	49499410.751288
541.00000000000	49609794.224394
542.00000000000	49717427.697095
543.00000000000	49818353.080563
544.00000000000	49921918.701075
545.00000000000	50047475.316192
546.00000000000	50218407.598868
547.00000000000	50454530.154827
548.00000000000	50765244.084814
549.00000000000	51145143.066171
550.00000000000	51573734.544370
551.00000000000	52019219.883702
552.00000000000	52445071.277246
553.00000000000	52818067.801621
554.00000000000	53115227.130622
555.00000000000	53328616.085060
556.00000000000	53466375.066684
560.00000000000	53744940.997146
564.00000000000	54192066.338180
565.00000000000	54216688.401038
566.00000000000	54150832.837784
567.00000000000	53982138.028561
568.00000000000	53714958.658754
569.00000000000	53370821.887270
570.00000000000	52985416.876842
571.00000000000	52602828.279624
572.00000000000	52268378.253333
573.00000000000	52021353.178242
574.00000000000	51888997.472803
575.00000000000	51883185.235874
576.00000000000	51999776.763346
577.00000000000	52220895.098642
578.00000000000	52519337.477548
579.00000000000	52864105.522574
580.00000000000	53225894.547395
581.00000000000	53581493.405657
582.00000000000	53916371.530525
583.00000000000	54225150.037464
584.00000000000	54510113.574120
585.00000000000	54778329.470669
586.00000000000	55038136.148003
590.00000000000	56049356.886720
595.00000000000	56714538.635972
600.00000000000	56546359.042915
#Parameters = {h=1000}
#"Wavelength / nm"	"Total RCS [pw] (h=1000) [Real Part]"
#-------------------------------------------------------
400.00000000000	33615204.221823
401.00000000000	32964317.871414
402.00000000000	32409805.434377
403.00000000000	31854695.508667
404.00000000000	31226938.169541
405.00000000000	30549852.063415
406.00000000000	29927786.977957
407.00000000000	29459470.757117
408.00000000000	29155740.925063
409.00000000000	28933437.654751
410.00000000000	28689739.283660
411.00000000000	28391178.593302
412.00000000000	28101236.231855
413.00000000000	27924777.280346
414.00000000000	27918727.785585
415.00000000000	28044736.182564
416.00000000000	28201835.742283
417.00000000000	28309522.675773
418.00000000000	28371558.021069
419.00000000000	28469541.638402
420.00000000000	28693307.194313
421.00000000000	29066128.768003
422.00000000000	29523839.289032
423.00000000000	29962761.970045
424.00000000000	30317045.580882
425.00000000000	30604733.763270
426.00000000000	30908390.505922
427.00000000000	31307137.256130
428.00000000000	31811723.274477
429.00000000000	32351881.925116
430.00000000000	32824487.937732
435.00000000000	34211462.154624
440.00000000000	35295428.859647
445.00000000000	36216541.087837
450.00000000000	36247361.858253
455.00000000000	36799167.359977
460.00000000000	37205219.518155
465.00000000000	37412217.866400
470.00000000000	38426276.488165
475.00000000000	38715247.604419
480.00000000000	40037970.815117
485.00000000000	40648301.436995
490.00000000000	42083710.123466
495.00000000000	42951312.994228
500.00000000000	44449755.661396
505.00000000000	45362203.555317
510.00000000000	46884850.168330
515.00000000000	47603792.564955
520.00000000000	48993024.109525
525.00000000000	49225324.847971
526.00000000000	49363098.863656
527.00000000000	49544793.266951
528.00000000000	49736721.521992
529.00000000000	49896990.717141
530.00000000000	49987398.785083
531.00000000000	49985481.747560
532.00000000000	49890560.162452
533.00000000000	49723898.712246
534.00000000000	49523200.731571
535.00000000000	49331943.477537
536.00000000000	49188469.107067
537.00000000000	49117164.026774
538.00000000000	49123510.489274
539.00000000000	49195383.195693
540.00000000000	49309058.184564
541.00000000000	49438017.407630
542.00000000000	49561693.277089
543.00000000000	49672376.156736
544.00000000000	49777495.380927
545.00000000000	49896794.751305
546.00000000000	50056153.227992
547.00000000000	50279236.450005
548.00000000000	50579558.740599
549.00000000000	50954998.150558
550.00000000000	51386697.662565
551.00000000000	51842494.681493
552.00000000000	52283680.175472
553.00000000000	52673685.753740
554.00000000000	52985925.708605
555.00000000000	53209524.878100
556.00000000000	53351073.698906
560.00000000000	53604516.458024
564.00000000000	54077480.992595
565.00000000000	54120026.204784
566.00000000000	54072031.740825
567.00000000000	53918329.499876
568.00000000000	53661179.755351
569.00000000000	53321146.331086
570.00000000000	52934238.291618
571.00000000000	52545990.009394
572.00000000000	52203925.507470
573.00000000000	51949774.439608
574.00000000000	51812904.714011
575.00000000000	51806587.410676
576.00000000000	51927082.550235
577.00000000000	52155912.080809
578.00000000000	52464460.717467
579.00000000000	52819862.309787
580.00000000000	53190923.391088
581.00000000000	53552933.818148
582.00000000000	53890546.708391
583.00000000000	54198389.864613
584.00000000000	54479542.761332
585.00000000000	54742438.891449
586.00000000000	54997061.776721
590.00000000000	56013190.313438
595.00000000000	56722544.694086
600.00000000000	56552375.767404
#Parameters = {h=1230}
#"Wavelength / nm"	"Total RCS [pw] (h=1230) [Real Part]"
#-------------------------------------------------------
400.00000000000	33772325.888820
401.00000000000	33098938.999217
402.00000000000	32508103.845430
403.00000000000	31931053.832496
404.00000000000	31309029.759925
405.00000000000	30652560.835389
406.00000000000	30040709.791090
407.00000000000	29558236.973727
408.00000000000	29225045.555671
409.00000000000	28980385.872501
410.00000000000	28736563.403060
411.00000000000	28455502.211680
412.00000000000	28181941.845084
413.00000000000	28005060.058426
414.00000000000	27982140.402293
415.00000000000	28089550.579658
416.00000000000	28241875.170930
417.00000000000	28361977.159248
418.00000000000	28442969.320778
419.00000000000	28551564.461523
420.00000000000	28770941.200305
421.00000000000	29130783.778579
422.00000000000	29580385.308022
423.00000000000	30025348.858029
424.00000000000	30397657.592756
425.00000000000	30703925.571365
426.00000000000	31015282.005080
427.00000000000	31408238.936670
428.00000000000	31901422.214406
429.00000000000	32436537.548460
430.00000000000	32917346.115537
435.00000000000	34323772.141252
440.00000000000	35434739.631113
445.00000000000	36314173.331945
450.00000000000	36333625.798659
455.00000000000	36882254.024718
460.00000000000	37235814.539618
465.00000000000	37445302.041697
470.00000000000	38428201.396451
475.00000000000	38693531.938097
480.00000000000	40015193.521075
485.00000000000	40588344.366580
490.00000000000	42035731.653351
495.00000000000	42870750.017739
500.00000000000	44385695.333191
505.00000000000	45275831.017115
510.00000000000	46816838.405312
515.00000000000	47523340.065416
520.00000000000	48931577.277712
525.00000000000	49159539.477005
526.00000000000	49298110.704428
527.00000000000	49482583.273391
528.00000000000	49678808.946810
529.00000000000	49843990.897130
530.00000000000	49938893.958106
531.00000000000	49940225.796878
532.00000000000	49846909.578489
533.00000000000	49680341.403492
534.00000000000	49478797.926184
535.00000000000	49286564.591469
536.00000000000	49142767.059859
537.00000000000	49072310.458285
538.00000000000	49080796.883504
539.00000000000	49155819.989079
540.00000000000	49273076.152008
541.00000000000	49405367.187859
542.00000000000	49531533.719207
543.00000000000	49643530.019380
544.00000000000	49748792.795979
545.00000000000	49867370.090011
546.00000000000	50025655.758722
547.00000000000	50247881.040857
548.00000000000	50548037.520727
549.00000000000	50924275.300629
550.00000000000	51357756.265656
551.00000000000	51816116.062101
552.00000000000	52260286.306067
553.00000000000	52653297.066201
554.00000000000	52968217.335498
555.00000000000	53193960.344931
556.00000000000	53337065.662145
560.00000000000	53594309.651011
564.00000000000	54075713.944341
565.00000000000	54121038.318415
566.00000000000	54075746.171249
567.00000000000	53924500.467930
568.00000000000	53669435.227030
569.00000000000	53331051.235105
570.00000000000	52945350.889343
571.00000000000	52557918.631230
572.00000000000	52216375.118084
573.00000000000	51962560.505520
574.00000000000	51825972.211800
575.00000000000	51819994.058210
576.00000000000	51940980.875752
577.00000000000	52170511.336144
578.00000000000	52479992.151067
579.00000000000	52836540.955747
580.00000000000	53208911.496919
581.00000000000	53572323.852412
582.00000000000	53911350.979529
583.00000000000	54220550.973901
584.00000000000	54502956.506545
585.00000000000	54766995.989318
586.00000000000	55022680.008257
590.00000000000	56043765.611782
595.00000000000	56763411.174411
600.00000000000	56598961.535127
#Parameters = {h=1470}
#"Wavelength / nm"	"Total RCS [pw] (h=1470) [Real Part]"
#-------------------------------------------------------
400.00000000000	33849022.466385
401.00000000000	33195461.726805
402.00000000000	32627310.781470
403.00000000000	32049874.551039
404.00000000000	31400261.628737
405.00000000000	30709166.965386
406.00000000000	30080859.166405
407.00000000000	29608090.350132
408.00000000000	29296045.660951
409.00000000000	29061070.469502
410.00000000000	28804575.037511
411.00000000000	28497740.997299
412.00000000000	28205132.590331
413.00000000000	28028819.984535
414.00000000000	28022077.018430
415.00000000000	28145347.072917
416.00000000000	28299594.874325
417.00000000000	28407246.921633
418.00000000000	28473205.366191
419.00000000000	28577430.819175
420.00000000000	28806938.562354
421.00000000000	29183550.150615
422.00000000000	29644259.650670
423.00000000000	30088102.877007
424.00000000000	30451032.953313
425.00000000000	30750287.776997
426.00000000000	31065451.753446
427.00000000000	31472749.174344
428.00000000000	31982344.085105
429.00000000000	32526126.487467
430.00000000000	33004182.623188
435.00000000000	34427090.579419
440.00000000000	35518389.449235
445.00000000000	36410155.338246
450.00000000000	36417336.720496
455.00000000000	36923046.061858
460.00000000000	37270230.799281
465.00000000000	37442600.777624
470.00000000000	38398188.251350
475.00000000000	38655179.329493
480.00000000000	39940069.737794
485.00000000000	40519011.952232
490.00000000000	41935675.983770
495.00000000000	42777880.311385
500.00000000000	44273327.384542
505.00000000000	45172362.737551
510.00000000000	46704433.471799
515.00000000000	47423961.003258
520.00000000000	48831332.165121
525.00000000000	49077088.433242
526.00000000000	49215541.717004
527.00000000000	49399381.140773
528.00000000000	49595454.896262
529.00000000000	49761800.944190
530.00000000000	49859571.593006
531.00000000000	49865286.037607
532.00000000000	49777182.829847
533.00000000000	49615696.392899
534.00000000000	49418177.384566
535.00000000000	49228308.010370
536.00000000000	49085114.423127
537.00000000000	49013926.408923
538.00000000000	49021159.278935
539.00000000000	49095334.297250
540.00000000000	49212931.836227
541.00000000000	49347141.048075
542.00000000000	49476700.985534
543.00000000000	49593014.868220
544.00000000000	49702685.679443
545.00000000000	49824902.642631
546.00000000000	49985422.022202
547.00000000000	50208235.729918
548.00000000000	50507570.283726
549.00000000000	50882194.255636
550.00000000000	51314117.120434
551.00000000000	51771805.844583
552.00000000000	52216801.366499
553.00000000000	52612359.177992
554.00000000000	52931346.831614
555.00000000000	53162119.758675
556.00000000000	53310453.367985
560.00000000000	53578785.503554
564.00000000000	54060770.781271
565.00000000000	54108242.219087
566.00000000000	54066254.651726
567.00000000000	53919159.052180
568.00000000000	53668578.727636
569.00000000000	53334434.634004
570.00000000000	52952212.914720
571.00000000000	52567149.981419
572.00000000000	52226760.016394
573.00000000000	51973019.034293
574.00000000000	51835763.411066
575.00000000000	51828827.941273
576.00000000000	51949029.784404
577.00000000000	52178336.569774
578.00000000000	52488394.078721
579.00000000000	52846378.827029
580.00000000000	53220944.411329
581.00000000000	53587076.424417
582.00000000000	53929058.047981
583.00000000000	54241165.003245
584.00000000000	54526205.494623
585.00000000000	54792483.344802
586.00000000000	55049990.374984
590.00000000000	56076467.658497
595.00000000000	56806317.522235
600.00000000000	56652620.424527
#Parameters = {h=1720}
#"Wavelength / nm"	"Total RCS [pw] (h=1720) [Real Part]"
#-------------------------------------------------------
400.00000000000	33984114.816078
401.00000000000	33366958.434030
402.00000000000	32746901.420756
403.00000000000	32076090.482220
404.00000000000	31366632.418636
405.00000000000	30689113.449927
406.00000000000	30124615.295350
407.00000000000	29705406.722475
408.00000000000	29391585.749783
409.00000000000	29104178.117187
410.00000000000	28789631.230509
411.00000000000	28463851.952011
412.00000000000	28199987.420517
413.00000000000	28069669.962126
414.00000000000	28085437.692700
415.00000000000	28190654.348751
416.00000000000	28304435.709008
417.00000000000	28384746.762600
418.00000000000	28459202.736419
419.00000000000	28600018.652460
420.00000000000	28863930.447164
421.00000000000	29245308.071359
422.00000000000	29678440.452015
423.00000000000	30086042.254181
424.00000000000	30435200.361431
425.00000000000	30757496.020729
426.00000000000	31118944.242474
427.00000000000	31564296.815715
428.00000000000	32077604.138903
429.00000000000	32589189.455653
430.00000000000	33023481.762658
435.00000000000	34553220.738180
440.00000000000	35550692.540847
445.00000000000	36434727.684280
450.00000000000	36508118.636768
455.00000000000	36880191.799744
460.00000000000	37294475.845134
465.00000000000	37406813.358461
470.00000000000	38322068.014129
475.00000000000	38615843.948288
480.00000000000	39800852.133996
485.00000000000	40456598.490029
490.00000000000	41773717.617872
495.00000000000	42694671.086650
500.00000000000	44106422.333189
505.00000000000	45080065.793981
510.00000000000	46539562.960272
515.00000000000	47334577.745514
520.00000000000	48679360.449340
525.00000000000	48998798.715790
526.00000000000	49142547.044883
527.00000000000	49321440.814494
528.00000000000	49504891.844600
529.00000000000	49655808.471884
530.00000000000	49740920.301210
531.00000000000	49741296.805364
532.00000000000	49657337.150346
533.00000000000	49508707.710321
534.00000000000	49329397.941091
535.00000000000	49158248.753939
536.00000000000	49029450.139237
537.00000000000	48964916.117440
538.00000000000	48969988.658846
539.00000000000	49034675.435947
540.00000000000	49138973.289818
541.00000000000	49260507.266529
542.00000000000	49382104.513563
543.00000000000	49497771.394808
544.00000000000	49614564.999054
545.00000000000	49749953.131899
546.00000000000	49926363.183556
547.00000000000	50163824.570511
548.00000000000	50473065.948975
549.00000000000	50850753.018724
550.00000000000	51278691.101180
551.00000000000	51727025.686246
552.00000000000	52160345.756577
553.00000000000	52545482.158290
554.00000000000	52858460.268308
555.00000000000	53089589.351666
556.00000000000	53244936.241012
560.00000000000	53565787.789701
564.00000000000	54037459.744181
565.00000000000	54075544.443173
566.00000000000	54026562.204624
567.00000000000	53876934.684403
568.00000000000	53629227.620380
569.00000000000	53302996.983437
570.00000000000	52932193.842875
571.00000000000	52559743.428904
572.00000000000	52230628.159753
573.00000000000	51984653.687073
574.00000000000	51850326.694791
575.00000000000	51841251.038991
576.00000000000	51955132.435689
577.00000000000	52175706.287645
578.00000000000	52476847.538475
579.00000000000	52827939.497864
580.00000000000	53199330.492121
581.00000000000	53566871.622638
582.00000000000	53914724.491981
583.00000000000	54236124.578001
584.00000000000	54532185.944571
585.00000000000	54809243.753128
586.00000000000	55075462.767194
590.00000000000	56101397.462143
595.00000000000	56818906.895826
600.00000000000	56705754.194044
#Parameters = {h=2300}
#"Wavelength / nm"	"Total RCS [pw] (h=2300) [Real Part]"
#-------------------------------------------------------
400.00000000000	33905960.850587
401.00000000000	33240297.211821
402.00000000000	32637622.567397
403.00000000000	32007546.920931
404.00000000000	31311609.695382
405.00000000000	30609673.973989
406.00000000000	30011578.632598
407.00000000000	29581086.297681
408.00000000000	29281271.765794
409.00000000000	29009618.065341
410.00000000000	28689727.147752
411.00000000000	28338154.786634
412.00000000000	28050073.600212
413.00000000000	27918764.382637
414.00000000000	27958606.263202
415.00000000000	28094783.335194
416.00000000000	28224977.734665
417.00000000000	28299868.606784
418.00000000000	28357549.611244
419.00000000000	28487636.285461
420.00000000000	28757089.146303
421.00000000000	29157808.487020
422.00000000000	29614378.581899
423.00000000000	30041844.690699
424.00000000000	30406010.704068
425.00000000000	30740625.149197
426.00000000000	31112100.209033
427.00000000000	31562592.020921
428.00000000000	32074718.485594
429.00000000000	32583338.792641
430.00000000000	33022665.902308
435.00000000000	34646553.366560
440.00000000000	35652498.780515
445.00000000000	36446601.270189
450.00000000000	36619132.459470
455.00000000000	36816292.829297
460.00000000000	37234890.689434
465.00000000000	37307023.393932
470.00000000000	38078380.500584
475.00000000000	38455034.642008
480.00000000000	39439644.731599
485.00000000000	40216588.395408
490.00000000000	41352576.116227
495.00000000000	42396658.373686
500.00000000000	43660322.675187
505.00000000000	44762088.403495
510.00000000000	46091516.979286
515.00000000000	47032860.078927
520.00000000000	48257962.322769
525.00000000000	48734757.676512
526.00000000000	48883547.400199
527.00000000000	49047639.540472
528.00000000000	49203200.112211
529.00000000000	49323794.457174
530.00000000000	49387292.709925
531.00000000000	49382959.362779
532.00000000000	49314055.595475
533.00000000000	49197086.898347
534.00000000000	49058000.666017
535.00000000000	48925255.498007
536.00000000000	48823455.099926
537.00000000000	48768477.435963
538.00000000000	48764809.406240
539.00000000000	48806842.165209
540.00000000000	48882742.513788
541.00000000000	48979640.344397
542.00000000000	49088453.245786
543.00000000000	49207655.264718
544.00000000000	49344019.489288
545.00000000000	49510234.795097
546.00000000000	49720941.025438
547.00000000000	49987619.761656
548.00000000000	50314063.217963
549.00000000000	50693459.416203
550.00000000000	51108430.533956
551.00000000000	51533900.273010
552.00000000000	51941813.988714
553.00000000000	52306933.775266
554.00000000000	52611701.601748
555.00000000000	52849713.896863
556.00000000000	53026443.210013
560.00000000000	53467436.161206
564.00000000000	53905272.767897
565.00000000000	53924699.573063
566.00000000000	53864998.676362
567.00000000000	53716506.759068
568.00000000000	53482746.300865
569.00000000000	53181122.554615
570.00000000000	52840911.948071
571.00000000000	52499007.328556
572.00000000000	52194419.944856
573.00000000000	51962411.183092
574.00000000000	51829378.201280
575.00000000000	51809635.762912
576.00000000000	51904208.219568
577.00000000000	52101936.019318
578.00000000000	52382421.193544
579.00000000000	52720135.459175
580.00000000000	53088799.906140
581.00000000000	53465260.546466
582.00000000000	53832176.507979
583.00000000000	54179183.305488
584.00000000000	54502558.445018
585.00000000000	54803613.559975
586.00000000000	55086369.878933
590.00000000000	56087142.688190
595.00000000000	56787198.488525
600.00000000000	56779865.605884
