250.00	250.00	1.4443E-15	8.9873E-16
255.00	255.00	1.3552E-15	8.2060E-16
260.00	260.00	1.2691E-15	7.5714E-16
265.00	265.00	1.1846E-15	6.4809E-16
270.00	270.00	1.1026E-15	5.7739E-16
275.00	275.00	1.0288E-15	4.9911E-16
280.00	280.00	9.5886E-16	4.4422E-16
285.00	285.00	8.9411E-16	4.6766E-16
290.00	290.00	8.3419E-16	3.8375E-16
295.00	295.00	7.7968E-16	3.2718E-16
300.00	300.00	7.3063E-16	3.2709E-16
305.00	305.00	6.8538E-16	2.6623E-16
310.00	310.00	6.4345E-16	2.3530E-16
315.00	315.00	6.1234E-16	2.1961E-16
320.00	320.00	5.8227E-16	2.2019E-16
325.00	325.00	5.5500E-16	1.9611E-16
330.00	330.00	5.2971E-16	1.9672E-16
335.00	335.00	5.0724E-16	1.3951E-16
340.00	340.00	4.8563E-16	1.1316E-16
345.00	345.00	4.6537E-16	1.3892E-16
350.00	350.00	4.4668E-16	1.4866E-16
355.00	355.00	4.2917E-16	1.1263E-16
360.00	360.00	4.1206E-16	1.1545E-16
365.00	365.00	3.9681E-16	9.8149E-17
370.00	370.00	3.8394E-16	7.8576E-17
375.00	375.00	3.7163E-16	8.2183E-17
380.00	380.00	3.5976E-16	8.5243E-17
385.00	385.00	3.4831E-16	8.3374E-17
390.00	390.00	3.3826E-16	8.8800E-17
395.00	395.00	3.2828E-16	6.6351E-17
400.00	400.00	3.1836E-16	7.5138E-17
405.00	405.00	3.0957E-16	5.3712E-17
410.00	410.00	3.0110E-16	6.0229E-17
415.00	415.00	2.9320E-16	5.8895E-17
420.00	420.00	2.8651E-16	6.0556E-17
425.00	425.00	2.7978E-16	5.3587E-17
430.00	430.00	2.7365E-16	4.0994E-17
435.00	435.00	2.6772E-16	4.4221E-17
440.00	440.00	2.6194E-16	3.0002E-17
445.00	445.00	2.5713E-16	4.8401E-17
450.00	450.00	2.5316E-16	3.1684E-17
455.00	455.00	2.4904E-16	3.9025E-17
460.00	460.00	2.4511E-16	4.3869E-17
465.00	465.00	2.4152E-16	3.3753E-17
470.00	470.00	2.3759E-16	2.5951E-17
475.00	475.00	2.3411E-16	2.6138E-17
480.00	480.00	2.3083E-16	2.6419E-17
485.00	485.00	2.2778E-16	1.5631E-17
490.00	490.00	2.2477E-16	3.1564E-17
495.00	495.00	2.2190E-16	1.4473E-17
500.00	500.00	2.1898E-16	2.2016E-17
505.00	505.00	2.1608E-16	1.5777E-17
510.00	510.00	2.1320E-16	1.9893E-17
515.00	515.00	2.1079E-16	2.6607E-17
520.00	520.00	2.0840E-16	2.3443E-17
525.00	525.00	2.0655E-16	1.8830E-17
530.00	530.00	2.0450E-16	1.8870E-17
535.00	535.00	2.0273E-16	2.4558E-17
540.00	540.00	2.0080E-16	1.4288E-17
545.00	545.00	1.9893E-16	1.2780E-17
550.00	550.00	1.9711E-16	1.6326E-17
555.00	555.00	1.9521E-16	2.4831E-17
560.00	560.00	1.9338E-16	1.8394E-17
565.00	565.00	1.9199E-16	1.0875E-17
570.00	570.00	1.9105E-16	1.6801E-17
575.00	575.00	1.9015E-16	2.2428E-17
580.00	580.00	1.8926E-16	1.8422E-17
585.00	585.00	1.8837E-16	1.4039E-17
590.00	590.00	1.8736E-16	5.9815E-18
595.00	595.00	1.8638E-16	7.9004E-18
600.00	600.00	1.8548E-16	1.1119E-17
605.00	605.00	1.8443E-16	7.0045E-18
610.00	610.00	1.8333E-16	9.9867E-18
615.00	615.00	1.8247E-16	1.7512E-17
620.00	620.00	1.8145E-16	1.0723E-17
625.00	625.00	1.8133E-16	1.7165E-17
630.00	630.00	1.8102E-16	1.4927E-17
635.00	635.00	1.8088E-16	1.8344E-17
640.00	640.00	1.8060E-16	9.5723E-18
645.00	645.00	1.8032E-16	5.4534E-18
650.00	650.00	1.7998E-16	1.4440E-17
655.00	655.00	1.7987E-16	-2.4625E-18
660.00	660.00	1.7999E-16	8.7416E-18
665.00	665.00	1.8015E-16	7.7874E-18
670.00	670.00	1.8023E-16	7.4697E-18
675.00	675.00	1.8019E-16	1.8074E-17
680.00	680.00	1.8016E-16	6.2749E-18
685.00	685.00	1.8012E-16	1.0479E-17
690.00	690.00	1.8024E-16	1.2614E-17
695.00	695.00	1.8082E-16	6.7058E-18
700.00	700.00	1.8142E-16	1.0630E-17
705.00	705.00	1.8186E-16	1.0860E-17
710.00	710.00	1.8232E-16	9.9335E-18
715.00	715.00	1.8267E-16	1.4980E-17
720.00	720.00	1.8306E-16	9.7000E-18
725.00	725.00	1.8333E-16	1.1408E-17
730.00	730.00	1.8377E-16	7.8948E-18
735.00	735.00	1.8514E-16	9.8515E-18
740.00	740.00	1.8659E-16	7.2443E-18
745.00	745.00	1.8788E-16	1.0443E-17
750.00	750.00	1.8914E-16	1.0289E-17
755.00	755.00	1.9033E-16	6.1660E-18
760.00	760.00	1.9132E-16	2.0628E-18
765.00	765.00	1.9244E-16	3.4732E-18
770.00	770.00	1.9340E-16	9.5876E-18
775.00	775.00	1.9434E-16	5.5178E-18
780.00	780.00	1.9547E-16	1.2065E-17
785.00	785.00	1.9656E-16	7.7206E-18
790.00	790.00	1.9754E-16	7.4122E-18
795.00	795.00	1.9843E-16	5.9571E-18
800.00	800.00	1.9700E-16	-4.8209E-19
805.00	805.00	1.9573E-16	7.2684E-18
810.00	810.00	1.9439E-16	1.2469E-17
815.00	815.00	1.9308E-16	2.9180E-18
820.00	820.00	1.9065E-16	8.2704E-18
825.00	825.00	1.8807E-16	1.0398E-17
830.00	830.00	1.8557E-16	1.2714E-17
835.00	835.00	1.8308E-16	4.1031E-18
840.00	840.00	1.7974E-16	3.6113E-18
845.00	845.00	1.7559E-16	8.2301E-18
850.00	850.00	1.7147E-16	4.3103E-18
855.00	855.00	1.6741E-16	5.1206E-18
860.00	860.00	1.6346E-16	1.1164E-18
865.00	865.00	1.5951E-16	8.6080E-18
870.00	870.00	1.5570E-16	5.2269E-18
875.00	875.00	1.5182E-16	1.5646E-18
880.00	880.00	1.4809E-16	6.9533E-18
885.00	885.00	1.4434E-16	5.5323E-18
890.00	890.00	1.3929E-16	4.2301E-18
895.00	895.00	1.3393E-16	4.5052E-18
900.00	900.00	1.2877E-16	-1.5392E-18
905.00	905.00	1.2370E-16	1.9461E-18
910.00	910.00	1.1868E-16	3.0626E-18
915.00	915.00	1.1386E-16	-8.7341E-19
920.00	920.00	1.0912E-16	-2.4576E-18
925.00	925.00	1.0453E-16	5.8281E-18
930.00	930.00	1.0003E-16	4.8966E-18
935.00	935.00	9.5646E-17	3.9697E-18
940.00	940.00	9.1440E-17	3.9359E-18
945.00	945.00	8.8039E-17	1.3579E-18
950.00	950.00	8.4697E-17	1.1182E-17
955.00	955.00	8.1492E-17	3.0522E-18
960.00	960.00	7.8408E-17	2.5038E-18
965.00	965.00	7.5370E-17	2.9540E-18
970.00	970.00	7.2812E-17	-8.6850E-19
975.00	975.00	7.1207E-17	1.7627E-18
980.00	980.00	6.9653E-17	6.8952E-18
985.00	985.00	6.8138E-17	1.4492E-18
990.00	990.00	6.6650E-17	1.5136E-18
995.00	995.00	6.5233E-17	5.1448E-18
1000.0	1000.0	6.3849E-17	4.7230E-19