250.00	250.00	1.9098E-14	2.1428E-15
255.00	255.00	1.9016E-14	2.1870E-15
260.00	260.00	1.8871E-14	2.2195E-15
265.00	265.00	1.8715E-14	2.2395E-15
270.00	270.00	1.8555E-14	2.2504E-15
275.00	275.00	1.8393E-14	2.2502E-15
280.00	280.00	1.8310E-14	2.2409E-15
285.00	285.00	1.8270E-14	2.2301E-15
290.00	290.00	1.8292E-14	2.2179E-15
295.00	295.00	1.8323E-14	2.2052E-15
300.00	300.00	1.8366E-14	2.1923E-15
305.00	305.00	1.8468E-14	2.1825E-15
310.00	310.00	1.8593E-14	2.1729E-15
315.00	315.00	1.8726E-14	2.1621E-15
320.00	320.00	1.8869E-14	2.1507E-15
325.00	325.00	1.9091E-14	2.1379E-15
330.00	330.00	1.9327E-14	2.1243E-15
335.00	335.00	1.9543E-14	2.1048E-15
340.00	340.00	1.9751E-14	2.0819E-15
345.00	345.00	1.9950E-14	2.0583E-15
350.00	350.00	2.0136E-14	2.0341E-15
355.00	355.00	2.0318E-14	2.0117E-15
360.00	360.00	2.0489E-14	2.0042E-15
365.00	365.00	2.0660E-14	1.9959E-15
370.00	370.00	2.0828E-14	1.9884E-15
375.00	375.00	2.0989E-14	1.9825E-15
380.00	380.00	2.1150E-14	1.9757E-15
385.00	385.00	2.1309E-14	1.9585E-15
390.00	390.00	2.1463E-14	1.9361E-15
395.00	395.00	2.1610E-14	1.9127E-15
400.00	400.00	2.1764E-14	1.8872E-15
405.00	405.00	2.1926E-14	1.8600E-15
410.00	410.00	2.2080E-14	1.8320E-15
415.00	415.00	2.2229E-14	1.8014E-15
420.00	420.00	2.2377E-14	1.7666E-15
425.00	425.00	2.2515E-14	1.7312E-15
430.00	430.00	2.2643E-14	1.6954E-15
435.00	435.00	2.2831E-14	1.6606E-15
440.00	440.00	2.3023E-14	1.6260E-15
445.00	445.00	2.3212E-14	1.5917E-15
450.00	450.00	2.3399E-14	1.5578E-15
455.00	455.00	2.3592E-14	1.5174E-15
460.00	460.00	2.3782E-14	1.4759E-15
465.00	465.00	2.3968E-14	1.4350E-15
470.00	470.00	2.4149E-14	1.3948E-15
475.00	475.00	2.4537E-14	1.3843E-15
480.00	480.00	2.5038E-14	1.3897E-15
485.00	485.00	2.5576E-14	1.4008E-15
490.00	490.00	2.6155E-14	1.4181E-15
495.00	495.00	2.6777E-14	1.4425E-15
500.00	500.00	2.7604E-14	1.5649E-15
505.00	505.00	2.8411E-14	1.7341E-15
510.00	510.00	2.9090E-14	1.9368E-15
515.00	515.00	2.9547E-14	2.1779E-15
520.00	520.00	2.9645E-14	2.4614E-15
525.00	525.00	2.8795E-14	2.6237E-15
530.00	530.00	2.7427E-14	2.7279E-15
535.00	535.00	2.5672E-14	2.7975E-15
540.00	540.00	2.3587E-14	2.8278E-15
545.00	545.00	2.1259E-14	2.8175E-15
550.00	550.00	1.8914E-14	2.7591E-15
555.00	555.00	1.6874E-14	2.6506E-15
560.00	560.00	1.4912E-14	2.5278E-15
565.00	565.00	1.3066E-14	2.3963E-15
570.00	570.00	1.1361E-14	2.2606E-15
575.00	575.00	9.8108E-15	2.1247E-15
580.00	580.00	8.4171E-15	1.9915E-15
585.00	585.00	7.3038E-15	1.8592E-15
590.00	590.00	6.4057E-15	1.7326E-15
595.00	595.00	5.6134E-15	1.6152E-15
600.00	600.00	4.9157E-15	1.5067E-15
605.00	605.00	4.3016E-15	1.4066E-15
610.00	610.00	3.7614E-15	1.3144E-15
615.00	615.00	3.2860E-15	1.2296E-15
620.00	620.00	2.9156E-15	1.1544E-15
625.00	625.00	2.6101E-15	1.0864E-15
630.00	630.00	2.3358E-15	1.0235E-15
635.00	635.00	2.0892E-15	9.6507E-16
640.00	640.00	1.8673E-15	9.1090E-16
645.00	645.00	1.6675E-15	8.6059E-16
650.00	650.00	1.4873E-15	8.1383E-16
655.00	655.00	1.3246E-15	7.7032E-16
660.00	660.00	1.1840E-15	7.2989E-16
665.00	665.00	1.1109E-15	6.9306E-16
670.00	670.00	1.0434E-15	6.5867E-16
675.00	675.00	9.8105E-16	6.2651E-16
680.00	680.00	9.2338E-16	5.9642E-16
685.00	685.00	8.6995E-16	5.6821E-16
690.00	690.00	8.2039E-16	5.4176E-16
695.00	695.00	7.7437E-16	5.1691E-16
700.00	700.00	7.3158E-16	4.9355E-16
705.00	705.00	6.9298E-16	4.7161E-16
710.00	710.00	6.6752E-16	4.5121E-16
715.00	715.00	6.4348E-16	4.3197E-16
720.00	720.00	6.2076E-16	4.1379E-16
725.00	725.00	5.9928E-16	3.9661E-16
730.00	730.00	5.7894E-16	3.8034E-16
735.00	735.00	5.5967E-16	3.6495E-16
740.00	740.00	5.4139E-16	3.5036E-16
745.00	745.00	5.2405E-16	3.3654E-16
750.00	750.00	5.0757E-16	3.2341E-16
755.00	755.00	4.9191E-16	3.1094E-16
760.00	760.00	4.7878E-16	2.9914E-16
765.00	765.00	4.6666E-16	2.8794E-16
770.00	770.00	4.5505E-16	2.7727E-16
775.00	775.00	4.4393E-16	2.6711E-16
780.00	780.00	4.3328E-16	2.5743E-16
785.00	785.00	4.2306E-16	2.4819E-16
790.00	790.00	4.1325E-16	2.3938E-16
795.00	795.00	4.0384E-16	2.3096E-16
800.00	800.00	3.9479E-16	2.2292E-16
805.00	805.00	3.8610E-16	2.1524E-16
810.00	810.00	3.7773E-16	2.0789E-16
815.00	815.00	3.6969E-16	2.0086E-16
820.00	820.00	3.6194E-16	1.9412E-16
825.00	825.00	3.5315E-16	1.8767E-16
830.00	830.00	3.4434E-16	1.8149E-16
835.00	835.00	3.3588E-16	1.7556E-16
840.00	840.00	3.2776E-16	1.6987E-16
845.00	845.00	3.1995E-16	1.6441E-16
850.00	850.00	3.1244E-16	1.5916E-16
855.00	855.00	3.0521E-16	1.5413E-16
860.00	860.00	2.9825E-16	1.4929E-16
865.00	865.00	2.9156E-16	1.4464E-16
870.00	870.00	2.8510E-16	1.4017E-16
875.00	875.00	2.7888E-16	1.3586E-16
880.00	880.00	2.7289E-16	1.3172E-16
885.00	885.00	2.6710E-16	1.2774E-16
890.00	890.00	2.6152E-16	1.2390E-16
895.00	895.00	2.5815E-16	1.2025E-16
900.00	900.00	2.5618E-16	1.1677E-16
905.00	905.00	2.5423E-16	1.1341E-16
910.00	910.00	2.5230E-16	1.1018E-16
915.00	915.00	2.5040E-16	1.0705E-16
920.00	920.00	2.4852E-16	1.0403E-16
925.00	925.00	2.4665E-16	1.0112E-16
930.00	930.00	2.4481E-16	9.8310E-17
935.00	935.00	2.4300E-16	9.5593E-17
940.00	940.00	2.4120E-16	9.2967E-17
945.00	945.00	2.3943E-16	9.0429E-17
950.00	950.00	2.3767E-16	8.7975E-17
955.00	955.00	2.3594E-16	8.5602E-17
960.00	960.00	2.3423E-16	8.3307E-17
965.00	965.00	2.3255E-16	8.1086E-17
970.00	970.00	2.3088E-16	7.8936E-17
975.00	975.00	2.2924E-16	7.6855E-17
980.00	980.00	2.2761E-16	7.4840E-17
985.00	985.00	2.2593E-16	7.2887E-17
990.00	990.00	2.2396E-16	7.0985E-17
995.00	995.00	2.2203E-16	6.9142E-17
1000.0	1000.0	2.2013E-16	6.7357E-17
1005.0	1005.0	2.1826E-16	6.5626E-17
1010.0	1010.0	2.1643E-16	6.3948E-17
1015.0	1015.0	2.1463E-16	6.2321E-17
1020.0	1020.0	2.1286E-16	6.0743E-17
1025.0	1025.0	2.1112E-16	5.9212E-17
1030.0	1030.0	2.0942E-16	5.7726E-17
1035.0	1035.0	2.0774E-16	5.6285E-17
1040.0	1040.0	2.0609E-16	5.4885E-17
1045.0	1045.0	2.0447E-16	5.3526E-17
1050.0	1050.0	2.0287E-16	5.2207E-17
1055.0	1055.0	2.0131E-16	5.0925E-17
1060.0	1060.0	1.9976E-16	4.9680E-17
1065.0	1065.0	1.9825E-16	4.8471E-17
1070.0	1070.0	1.9676E-16	4.7295E-17
1075.0	1075.0	1.9529E-16	4.6152E-17
1080.0	1080.0	1.9385E-16	4.5041E-17
1085.0	1085.0	1.9243E-16	4.3961E-17
1090.0	1090.0	1.9123E-16	4.2915E-17
1095.0	1095.0	1.9033E-16	4.1903E-17
1100.0	1100.0	1.8944E-16	4.0919E-17
1105.0	1105.0	1.8855E-16	3.9961E-17
1110.0	1110.0	1.8768E-16	3.9029E-17
1115.0	1115.0	1.8681E-16	3.8122E-17
1120.0	1120.0	1.8594E-16	3.7240E-17
1125.0	1125.0	1.8509E-16	3.6380E-17
1130.0	1130.0	1.8424E-16	3.5543E-17
1135.0	1135.0	1.8339E-16	3.4729E-17
1140.0	1140.0	1.8256E-16	3.3935E-17
1145.0	1145.0	1.8173E-16	3.3161E-17
1150.0	1150.0	1.8091E-16	3.2408E-17
1155.0	1155.0	1.8009E-16	3.1674E-17
1160.0	1160.0	1.7928E-16	3.0958E-17
1165.0	1165.0	1.7848E-16	3.0260E-17
1170.0	1170.0	1.7769E-16	2.9580E-17
1175.0	1175.0	1.7690E-16	2.8917E-17
1180.0	1180.0	1.7612E-16	2.8271E-17
1185.0	1185.0	1.7535E-16	2.7640E-17
1190.0	1190.0	1.7458E-16	2.7025E-17
1195.0	1195.0	1.7382E-16	2.6424E-17
1200.0	1200.0	1.7306E-16	2.5839E-17
1205.0	1205.0	1.7232E-16	2.5267E-17
1210.0	1210.0	1.7158E-16	2.4709E-17
1215.0	1215.0	1.7084E-16	2.4165E-17
1220.0	1220.0	1.6978E-16	2.3625E-17
1225.0	1225.0	1.6865E-16	2.3095E-17
1230.0	1230.0	1.6754E-16	2.2578E-17
1235.0	1235.0	1.6645E-16	2.2073E-17
1240.0	1240.0	1.6537E-16	2.1580E-17
1245.0	1245.0	1.6431E-16	2.1098E-17
1250.0	1250.0	1.6327E-16	2.0627E-17
1255.0	1255.0	1.6224E-16	2.0167E-17
1260.0	1260.0	1.6122E-16	1.9717E-17
1265.0	1265.0	1.6022E-16	1.9278E-17
1270.0	1270.0	1.5923E-16	1.8848E-17
1275.0	1275.0	1.5826E-16	1.8428E-17
1280.0	1280.0	1.5730E-16	1.8017E-17
1285.0	1285.0	1.5635E-16	1.7615E-17
1290.0	1290.0	1.5541E-16	1.7222E-17
1295.0	1295.0	1.5449E-16	1.6838E-17
1300.0	1300.0	1.5358E-16	1.6462E-17
1305.0	1305.0	1.5269E-16	1.6094E-17
1310.0	1310.0	1.5180E-16	1.5734E-17
1315.0	1315.0	1.5093E-16	1.5381E-17
1320.0	1320.0	1.5007E-16	1.5037E-17
1325.0	1325.0	1.4922E-16	1.4699E-17
1330.0	1330.0	1.4838E-16	1.4369E-17
1335.0	1335.0	1.4755E-16	1.4046E-17
1340.0	1340.0	1.4673E-16	1.3729E-17
1345.0	1345.0	1.4592E-16	1.3419E-17
1350.0	1350.0	1.4512E-16	1.3115E-17
1355.0	1355.0	1.4434E-16	1.2818E-17
1360.0	1360.0	1.4356E-16	1.2527E-17
1365.0	1365.0	1.4279E-16	1.2241E-17
1370.0	1370.0	1.4203E-16	1.1962E-17
1375.0	1375.0	1.4128E-16	1.1688E-17
1380.0	1380.0	1.4054E-16	1.1419E-17
1385.0	1385.0	1.3981E-16	1.1156E-17
1390.0	1390.0	1.3909E-16	1.0898E-17
1395.0	1395.0	1.3847E-16	1.0648E-17
1400.0	1400.0	1.3799E-16	1.0397E-17
1405.0	1405.0	1.3752E-16	1.0160E-17
1410.0	1410.0	1.3705E-16	9.9287E-18
1415.0	1415.0	1.3659E-16	9.7017E-18
1420.0	1420.0	1.3613E-16	9.4790E-18
1425.0	1425.0	1.3567E-16	9.2607E-18
1430.0	1430.0	1.3521E-16	9.0563E-18
1435.0	1435.0	1.3476E-16	8.8462E-18
1440.0	1440.0	1.3431E-16	8.6402E-18
1445.0	1445.0	1.3387E-16	8.4381E-18
1450.0	1450.0	1.3343E-16	8.2398E-18
1455.0	1455.0	1.3299E-16	8.0453E-18
1460.0	1460.0	1.3255E-16	7.8544E-18
1465.0	1465.0	1.3212E-16	7.6671E-18
1470.0	1470.0	1.3169E-16	7.4832E-18
1475.0	1475.0	1.3127E-16	7.3027E-18
1480.0	1480.0	1.3085E-16	7.1256E-18
1485.0	1485.0	1.3043E-16	6.9517E-18
1490.0	1490.0	1.3001E-16	6.7811E-18
1495.0	1495.0	1.2960E-16	6.6135E-18
1500.0	1500.0	1.2919E-16	6.4491E-18
1505.0	1505.0	1.2878E-16	6.2876E-18
1510.0	1510.0	1.2837E-16	6.1291E-18
1515.0	1515.0	1.2797E-16	5.9734E-18
1520.0	1520.0	1.2757E-16	5.8206E-18
1525.0	1525.0	1.2718E-16	5.6704E-18
1530.0	1530.0	1.2679E-16	5.5229E-18
1535.0	1535.0	1.2639E-16	5.3779E-18
1540.0	1540.0	1.2601E-16	5.2355E-18
1545.0	1545.0	1.2562E-16	5.0956E-18
1550.0	1550.0	1.2524E-16	4.9581E-18
1555.0	1555.0	1.2486E-16	4.8230E-18
1560.0	1560.0	1.2448E-16	4.6902E-18
1565.0	1565.0	1.2411E-16	4.5597E-18
1570.0	1570.0	1.2374E-16	4.4314E-18
1575.0	1575.0	1.2337E-16	4.3053E-18
1580.0	1580.0	1.2300E-16	4.1813E-18
1585.0	1585.0	1.2264E-16	4.0594E-18
1590.0	1590.0	1.2227E-16	3.9396E-18
1595.0	1595.0	1.2192E-16	3.8217E-18
1600.0	1600.0	1.2156E-16	3.7059E-18
1605.0	1605.0	1.2120E-16	3.5919E-18
1610.0	1610.0	1.2085E-16	3.4798E-18
1615.0	1615.0	1.2103E-16	3.3863E-18
1620.0	1620.0	1.2121E-16	3.2944E-18
1625.0	1625.0	1.2138E-16	3.2041E-18
1630.0	1630.0	1.2154E-16	3.1153E-18
1635.0	1635.0	1.2170E-16	3.0280E-18
1640.0	1640.0	1.2185E-16	2.9421E-18
1645.0	1645.0	1.2200E-16	2.8577E-18
1650.0	1650.0	1.2214E-16	2.7747E-18
1655.0	1655.0	1.2227E-16	2.6931E-18
1660.0	1660.0	1.2240E-16	2.6128E-18
1665.0	1665.0	1.2253E-16	2.5338E-18
1670.0	1670.0	1.2264E-16	2.4562E-18
1675.0	1675.0	1.2276E-16	2.3798E-18
1680.0	1680.0	1.2287E-16	2.3047E-18
1685.0	1685.0	1.2297E-16	2.2307E-18
1690.0	1690.0	1.2307E-16	2.1580E-18
1695.0	1695.0	1.2317E-16	2.0865E-18
1700.0	1700.0	1.2326E-16	2.0161E-18
1705.0	1705.0	1.2334E-16	1.9468E-18
1710.0	1710.0	1.2343E-16	1.8786E-18
1715.0	1715.0	1.2350E-16	1.8115E-18
1720.0	1720.0	1.2358E-16	1.7455E-18
1725.0	1725.0	1.2365E-16	1.6805E-18
1730.0	1730.0	1.2371E-16	1.6165E-18
1735.0	1735.0	1.2378E-16	1.5535E-18
1740.0	1740.0	1.2383E-16	1.4915E-18
1745.0	1745.0	1.2389E-16	1.4304E-18
1750.0	1750.0	1.2394E-16	1.3703E-18
1755.0	1755.0	1.2399E-16	1.3111E-18
1760.0	1760.0	1.2403E-16	1.2528E-18
1765.0	1765.0	1.2407E-16	1.1954E-18
1770.0	1770.0	1.2411E-16	1.1389E-18
1775.0	1775.0	1.2414E-16	1.0832E-18
1780.0	1780.0	1.2418E-16	1.0283E-18
1785.0	1785.0	1.2420E-16	9.7423E-19
1790.0	1790.0	1.2423E-16	9.2097E-19
1795.0	1795.0	1.2425E-16	8.6850E-19
1800.0	1800.0	1.2427E-16	8.1680E-19
1805.0	1805.0	1.2428E-16	7.6586E-19
1810.0	1810.0	1.2430E-16	7.1565E-19
1815.0	1815.0	1.2431E-16	6.6617E-19
1820.0	1820.0	1.2432E-16	6.1741E-19
1825.0	1825.0	1.2432E-16	5.6934E-19
1830.0	1830.0	1.2433E-16	5.2196E-19
1835.0	1835.0	1.2433E-16	4.7525E-19
1840.0	1840.0	1.2432E-16	4.2920E-19
1845.0	1845.0	1.2432E-16	3.8380E-19
1850.0	1850.0	1.2431E-16	3.3904E-19
1855.0	1855.0	1.2430E-16	2.9490E-19
1860.0	1860.0	1.2429E-16	2.5137E-19
1865.0	1865.0	1.2428E-16	2.0845E-19
1870.0	1870.0	1.2426E-16	1.6612E-19
1875.0	1875.0	1.2424E-16	1.2437E-19
1880.0	1880.0	1.2422E-16	8.3184E-20
1885.0	1885.0	1.2420E-16	4.2561E-20
1890.0	1890.0	1.2418E-16	2.4890E-21
1895.0	1895.0	1.2415E-16	-3.7044E-20
1900.0	1900.0	1.2412E-16	-7.6046E-20
1905.0	1905.0	1.2409E-16	-1.1453E-19
1910.0	1910.0	1.2406E-16	-1.5250E-19
1915.0	1915.0	1.2403E-16	-1.8996E-19
1920.0	1920.0	1.2399E-16	-2.2694E-19
1925.0	1925.0	1.2396E-16	-2.6342E-19
1930.0	1930.0	1.2392E-16	-2.9943E-19
1935.0	1935.0	1.2388E-16	-3.3498E-19
1940.0	1940.0	1.2358E-16	-3.7412E-19
1945.0	1945.0	1.2312E-16	-4.1534E-19
1950.0	1950.0	1.2267E-16	-4.5589E-19
1955.0	1955.0	1.2221E-16	-4.9579E-19
1960.0	1960.0	1.2175E-16	-5.3504E-19
1965.0	1965.0	1.2130E-16	-5.7365E-19
1970.0	1970.0	1.2085E-16	-6.1164E-19
1975.0	1975.0	1.2040E-16	-6.4901E-19
1980.0	1980.0	1.1995E-16	-6.8577E-19
1985.0	1985.0	1.1951E-16	-7.2194E-19
1990.0	1990.0	1.1907E-16	-7.5752E-19
1995.0	1995.0	1.1862E-16	-7.9253E-19
2000.0	2000.0	1.1818E-16	-8.2696E-19