250.00	250.00	5.9214E-15	2.5078E-16
255.00	255.00	5.9316E-15	2.5241E-16
260.00	260.00	5.8887E-15	2.5538E-16
265.00	265.00	5.8122E-15	2.3771E-16
270.00	270.00	5.7023E-15	2.2810E-16
275.00	275.00	5.5565E-15	2.1128E-16
280.00	280.00	5.4215E-15	1.9989E-16
285.00	285.00	5.2907E-15	2.1098E-16
290.00	290.00	5.1824E-15	1.8516E-16
295.00	295.00	5.0578E-15	1.6771E-16
300.00	300.00	4.9209E-15	1.7078E-16
305.00	305.00	4.8316E-15	1.4831E-16
310.00	310.00	4.7503E-15	1.3928E-16
315.00	315.00	4.6637E-15	1.3468E-16
320.00	320.00	4.5705E-15	1.3186E-16
325.00	325.00	4.5596E-15	1.2335E-16
330.00	330.00	4.5547E-15	1.2520E-16
335.00	335.00	4.5061E-15	1.0073E-16
340.00	340.00	4.4334E-15	8.8641E-17
345.00	345.00	4.3491E-15	9.8952E-17
350.00	350.00	4.2563E-15	9.8606E-17
355.00	355.00	4.1708E-15	8.4130E-17
360.00	360.00	4.1123E-15	8.7019E-17
365.00	365.00	4.0592E-15	7.7759E-17
370.00	370.00	4.0056E-15	6.9591E-17
375.00	375.00	3.9504E-15	7.1658E-17
380.00	380.00	3.8937E-15	7.1428E-17
385.00	385.00	3.8213E-15	6.8795E-17
390.00	390.00	3.7516E-15	7.0890E-17
395.00	395.00	3.6795E-15	5.9861E-17
400.00	400.00	3.6142E-15	6.2674E-17
405.00	405.00	3.5651E-15	5.1493E-17
410.00	410.00	3.5162E-15	5.6073E-17
415.00	415.00	3.4670E-15	5.2589E-17
420.00	420.00	3.4233E-15	5.2924E-17
425.00	425.00	3.3774E-15	4.8598E-17
430.00	430.00	3.3370E-15	4.3847E-17
435.00	435.00	3.3296E-15	4.3093E-17
440.00	440.00	3.3268E-15	3.9605E-17
445.00	445.00	3.3275E-15	4.4132E-17
450.00	450.00	3.3289E-15	3.7100E-17
455.00	455.00	3.3341E-15	3.7985E-17
460.00	460.00	3.3434E-15	3.9323E-17
465.00	465.00	3.3576E-15	3.4516E-17
470.00	470.00	3.3668E-15	3.1765E-17
475.00	475.00	3.4487E-15	3.3193E-17
480.00	480.00	3.5612E-15	3.4635E-17
485.00	485.00	3.6842E-15	2.8423E-17
490.00	490.00	3.8176E-15	3.5726E-17
495.00	495.00	3.9632E-15	3.1331E-17
500.00	500.00	4.1090E-15	3.7693E-17
505.00	505.00	4.2107E-15	3.7662E-17
510.00	510.00	4.2420E-15	4.2577E-17
515.00	515.00	4.1920E-15	4.5485E-17
520.00	520.00	4.0034E-15	5.4682E-17
525.00	525.00	3.6006E-15	4.9925E-17
530.00	530.00	3.1525E-15	4.6204E-17
535.00	535.00	2.7279E-15	4.9218E-17
540.00	540.00	2.3243E-15	3.8383E-17
545.00	545.00	1.9600E-15	3.4606E-17
550.00	550.00	1.6512E-15	3.3903E-17
555.00	555.00	1.4145E-15	3.9699E-17
560.00	560.00	1.2102E-15	3.3401E-17
565.00	565.00	1.0358E-15	2.4612E-17
570.00	570.00	8.8250E-16	2.6986E-17
575.00	575.00	7.5104E-16	3.0327E-17
580.00	580.00	6.3800E-16	2.6280E-17
585.00	585.00	5.5110E-16	2.1480E-17
590.00	590.00	4.8236E-16	1.5515E-17
595.00	595.00	4.2242E-16	1.4134E-17
600.00	600.00	3.7071E-16	1.5470E-17
605.00	605.00	3.2483E-16	1.1800E-17
610.00	610.00	2.8444E-16	1.3309E-17
615.00	615.00	2.4986E-16	1.7367E-17
620.00	620.00	2.2247E-16	1.2731E-17
625.00	625.00	2.0004E-16	1.6967E-17
630.00	630.00	1.7948E-16	1.3981E-17
635.00	635.00	1.6144E-16	1.5531E-17
640.00	640.00	1.4489E-16	9.5755E-18
645.00	645.00	1.2997E-16	6.9307E-18
650.00	650.00	1.1640E-16	1.1792E-17
655.00	655.00	1.0400E-16	1.4524E-18
660.00	660.00	9.3302E-17	8.2127E-18
665.00	665.00	8.7967E-17	7.8391E-18
670.00	670.00	8.2979E-17	6.7750E-18
675.00	675.00	7.8263E-17	1.2929E-17
680.00	680.00	7.3927E-17	6.1767E-18
685.00	685.00	6.9920E-17	7.5586E-18
690.00	690.00	6.6167E-17	8.7087E-18
695.00	695.00	6.2645E-17	5.4629E-18
700.00	700.00	5.9414E-17	7.4918E-18
705.00	705.00	5.6404E-17	7.5545E-18
710.00	710.00	5.4504E-17	6.4032E-18
715.00	715.00	5.2668E-17	9.5664E-18
720.00	720.00	5.0977E-17	6.4807E-18
725.00	725.00	4.9310E-17	6.9492E-18
730.00	730.00	4.7770E-17	4.9825E-18
735.00	735.00	4.6227E-17	6.1761E-18
740.00	740.00	4.4834E-17	4.1427E-18
745.00	745.00	4.3469E-17	5.8975E-18
750.00	750.00	4.2180E-17	6.0001E-18
755.00	755.00	4.0955E-17	3.1677E-18
760.00	760.00	3.9873E-17	9.3159E-19
765.00	765.00	3.8943E-17	2.0855E-18
770.00	770.00	3.8021E-17	5.2224E-18
775.00	775.00	3.7127E-17	2.7222E-18
780.00	780.00	3.6293E-17	6.2718E-18
785.00	785.00	3.5501E-17	3.5544E-18
790.00	790.00	3.4686E-17	3.7794E-18
795.00	795.00	3.3936E-17	2.8773E-18
800.00	800.00	3.3171E-17	-1.0499E-18
805.00	805.00	3.2485E-17	3.5885E-18
810.00	810.00	3.1802E-17	6.4949E-18
815.00	815.00	3.1132E-17	7.1044E-19
820.00	820.00	3.0503E-17	4.4162E-18
825.00	825.00	2.9773E-17	5.5690E-18
830.00	830.00	2.9049E-17	6.7321E-18
835.00	835.00	2.8350E-17	1.4953E-18
840.00	840.00	2.7643E-17	9.2248E-19
845.00	845.00	2.6995E-17	4.2417E-18
850.00	850.00	2.6357E-17	1.7974E-18
855.00	855.00	2.5746E-17	2.4516E-18
860.00	860.00	2.5169E-17	-1.2153E-19
865.00	865.00	2.4591E-17	4.7487E-18
870.00	870.00	2.4061E-17	2.4008E-18
875.00	875.00	2.3516E-17	-8.2300E-21
880.00	880.00	2.3014E-17	3.7284E-18
885.00	885.00	2.2514E-17	2.7447E-18
890.00	890.00	2.2068E-17	1.9915E-18
895.00	895.00	2.1754E-17	2.0552E-18
900.00	900.00	2.1588E-17	-1.9027E-18
905.00	905.00	2.1420E-17	4.1834E-19
910.00	910.00	2.1235E-17	1.3761E-18
915.00	915.00	2.1079E-17	-1.3705E-18
920.00	920.00	2.0908E-17	-2.3888E-18
925.00	925.00	2.0746E-17	3.4741E-18
930.00	930.00	2.0583E-17	2.8348E-18
935.00	935.00	2.0425E-17	2.0519E-18
940.00	940.00	2.0253E-17	2.0870E-18
945.00	945.00	2.0104E-17	4.1337E-19
950.00	950.00	1.9933E-17	6.9842E-18
955.00	955.00	1.9780E-17	1.6639E-18
960.00	960.00	1.9632E-17	1.2116E-18
965.00	965.00	1.9470E-17	1.6362E-18
970.00	970.00	1.9322E-17	-8.8087E-19
975.00	975.00	1.9174E-17	8.1165E-19
980.00	980.00	1.9024E-17	4.1547E-18
985.00	985.00	1.8865E-17	5.7823E-19
990.00	990.00	1.8681E-17	5.7400E-19
995.00	995.00	1.8512E-17	2.9385E-18
1000.0	1000.0	1.8340E-17	1.0327E-19