250.00	250.00	2.2881E-15	5.9336E-15
255.00	255.00	2.2852E-15	5.9466E-15
260.00	260.00	2.2582E-15	5.9031E-15
265.00	265.00	2.2039E-15	5.8274E-15
270.00	270.00	2.1294E-15	5.7214E-15
275.00	275.00	2.0311E-15	5.5725E-15
280.00	280.00	1.9200E-15	5.4370E-15
285.00	285.00	1.8097E-15	5.3061E-15
290.00	290.00	1.7042E-15	5.1987E-15
295.00	295.00	1.6004E-15	5.0739E-15
300.00	300.00	1.4992E-15	4.9340E-15
305.00	305.00	1.4138E-15	4.8431E-15
310.00	310.00	1.3355E-15	4.7629E-15
315.00	315.00	1.2595E-15	4.6714E-15
320.00	320.00	1.1877E-15	4.5784E-15
325.00	325.00	1.1307E-15	4.5645E-15
330.00	330.00	1.0788E-15	4.5606E-15
335.00	335.00	1.0199E-15	4.5082E-15
340.00	340.00	9.6053E-16	4.4351E-15
345.00	345.00	9.0385E-16	4.3513E-15
350.00	350.00	8.4984E-16	4.2570E-15
355.00	355.00	8.0182E-16	4.1703E-15
360.00	360.00	7.6879E-16	4.1153E-15
365.00	365.00	7.3744E-16	4.0607E-15
370.00	370.00	7.0836E-16	4.0059E-15
375.00	375.00	6.8159E-16	3.9502E-15
380.00	380.00	6.5602E-16	3.8945E-15
385.00	385.00	6.2633E-16	3.8252E-15
390.00	390.00	5.9607E-16	3.7513E-15
395.00	395.00	5.6751E-16	3.6790E-15
400.00	400.00	5.4098E-16	3.6177E-15
405.00	405.00	5.1632E-16	3.5662E-15
410.00	410.00	4.9304E-16	3.5161E-15
415.00	415.00	4.7056E-16	3.4683E-15
420.00	420.00	4.4843E-16	3.4241E-15
425.00	425.00	4.2757E-16	3.3812E-15
430.00	430.00	4.0789E-16	3.3395E-15
435.00	435.00	3.9160E-16	3.3318E-15
440.00	440.00	3.7650E-16	3.3293E-15
445.00	445.00	3.6228E-16	3.3283E-15
450.00	450.00	3.4888E-16	3.3288E-15
455.00	455.00	3.3495E-16	3.3362E-15
460.00	460.00	3.2152E-16	3.3464E-15
465.00	465.00	3.0884E-16	3.3581E-15
470.00	470.00	2.9686E-16	3.3713E-15
475.00	475.00	2.9437E-16	3.4517E-15
480.00	480.00	2.9662E-16	3.5652E-15
485.00	485.00	3.0040E-16	3.6880E-15
490.00	490.00	3.0584E-16	3.8210E-15
495.00	495.00	3.1316E-16	3.9652E-15
500.00	500.00	3.4065E-16	4.1122E-15
505.00	505.00	3.7542E-16	4.2166E-15
510.00	510.00	4.1259E-16	4.2530E-15
515.00	515.00	4.5014E-16	4.1941E-15
520.00	520.00	4.8503E-16	4.0135E-15
525.00	525.00	4.7949E-16	3.6064E-15
530.00	530.00	4.6041E-16	3.1626E-15
535.00	535.00	4.3708E-16	2.7322E-15
540.00	540.00	4.1123E-16	2.3298E-15
545.00	545.00	3.8429E-16	1.9641E-15
550.00	550.00	3.5708E-16	1.6538E-15
555.00	555.00	3.3057E-16	1.4181E-15
560.00	560.00	3.0609E-16	1.2137E-15
565.00	565.00	2.8362E-16	1.0368E-15
570.00	570.00	2.6306E-16	8.8419E-16
575.00	575.00	2.4431E-16	7.5255E-16
580.00	580.00	2.2721E-16	6.3903E-16
585.00	585.00	2.1158E-16	5.5162E-16
590.00	590.00	1.9738E-16	4.8293E-16
595.00	595.00	1.8450E-16	4.2314E-16
600.00	600.00	1.7279E-16	3.7096E-16
605.00	605.00	1.6212E-16	3.2530E-16
610.00	610.00	1.5237E-16	2.8524E-16
615.00	615.00	1.4343E-16	2.5002E-16
620.00	620.00	1.3555E-16	2.2268E-16
625.00	625.00	1.2842E-16	2.0017E-16
630.00	630.00	1.2180E-16	1.7988E-16
635.00	635.00	1.1565E-16	1.6157E-16
640.00	640.00	1.0992E-16	1.4502E-16
645.00	645.00	1.0457E-16	1.3005E-16
650.00	650.00	9.9580E-17	1.1647E-16
655.00	655.00	9.4909E-17	1.0415E-16
660.00	660.00	9.0550E-17	9.3469E-17
665.00	665.00	8.6592E-17	8.8064E-17
670.00	670.00	8.2869E-17	8.3047E-17
675.00	675.00	7.9364E-17	7.8385E-17
680.00	680.00	7.6058E-17	7.4047E-17
685.00	685.00	7.2939E-17	7.0007E-17
690.00	690.00	6.9991E-17	6.6239E-17
695.00	695.00	6.7204E-17	6.2721E-17
700.00	700.00	6.4566E-17	5.9434E-17
705.00	705.00	6.2070E-17	5.6459E-17
710.00	710.00	5.9741E-17	5.4535E-17
715.00	715.00	5.7528E-17	5.2710E-17
720.00	720.00	5.5424E-17	5.0976E-17
725.00	725.00	5.3422E-17	4.9327E-17
730.00	730.00	5.1517E-17	4.7758E-17
735.00	735.00	4.9701E-17	4.6264E-17
740.00	740.00	4.7970E-17	4.4841E-17
745.00	745.00	4.6319E-17	4.3484E-17
750.00	750.00	4.4743E-17	4.2188E-17
755.00	755.00	4.3237E-17	4.0952E-17
760.00	760.00	4.1806E-17	3.9919E-17
765.00	765.00	4.0438E-17	3.8963E-17
770.00	770.00	3.9130E-17	3.8044E-17
775.00	775.00	3.7876E-17	3.7159E-17
780.00	780.00	3.6676E-17	3.6308E-17
785.00	785.00	3.5524E-17	3.5487E-17
790.00	790.00	3.4420E-17	3.4697E-17
795.00	795.00	3.3361E-17	3.3935E-17
800.00	800.00	3.2344E-17	3.3200E-17
805.00	805.00	3.1368E-17	3.2492E-17
810.00	810.00	3.0429E-17	3.1807E-17
815.00	815.00	2.9528E-17	3.1146E-17
820.00	820.00	2.8660E-17	3.0508E-17
825.00	825.00	2.7825E-17	2.9779E-17
830.00	830.00	2.7024E-17	2.9046E-17
835.00	835.00	2.6250E-17	2.8341E-17
840.00	840.00	2.5503E-17	2.7661E-17
845.00	845.00	2.4784E-17	2.7006E-17
850.00	850.00	2.4091E-17	2.6375E-17
855.00	855.00	2.3422E-17	2.5767E-17
860.00	860.00	2.2777E-17	2.5179E-17
865.00	865.00	2.2154E-17	2.4613E-17
870.00	870.00	2.1553E-17	2.4066E-17
875.00	875.00	2.0973E-17	2.3537E-17
880.00	880.00	2.0413E-17	2.3027E-17
885.00	885.00	1.9871E-17	2.2533E-17
890.00	890.00	1.9347E-17	2.2056E-17
895.00	895.00	1.8849E-17	2.1767E-17
900.00	900.00	1.8372E-17	2.1595E-17
905.00	905.00	1.7910E-17	2.1425E-17
910.00	910.00	1.7463E-17	2.1255E-17
915.00	915.00	1.7031E-17	2.1087E-17
920.00	920.00	1.6611E-17	2.0920E-17
925.00	925.00	1.6205E-17	2.0755E-17
930.00	930.00	1.5812E-17	2.0590E-17
935.00	935.00	1.5431E-17	2.0427E-17
940.00	940.00	1.5061E-17	2.0266E-17
945.00	945.00	1.4702E-17	2.0106E-17
950.00	950.00	1.4355E-17	1.9947E-17
955.00	955.00	1.4017E-17	1.9790E-17
960.00	960.00	1.3690E-17	1.9634E-17
965.00	965.00	1.3373E-17	1.9480E-17
970.00	970.00	1.3064E-17	1.9327E-17
975.00	975.00	1.2765E-17	1.9176E-17
980.00	980.00	1.2474E-17	1.9027E-17
985.00	985.00	1.2191E-17	1.8872E-17
990.00	990.00	1.1915E-17	1.8693E-17
995.00	995.00	1.1647E-17	1.8516E-17
1000.0	1000.0	1.1386E-17	1.8343E-17
1005.0	1005.0	1.1132E-17	1.8172E-17
1010.0	1010.0	1.0886E-17	1.8004E-17
1015.0	1015.0	1.0646E-17	1.7839E-17
1020.0	1020.0	1.0413E-17	1.7676E-17
1025.0	1025.0	1.0187E-17	1.7516E-17
1030.0	1030.0	9.9660E-18	1.7359E-17
1035.0	1035.0	9.7514E-18	1.7204E-17
1040.0	1040.0	9.5425E-18	1.7051E-17
1045.0	1045.0	9.3392E-18	1.6901E-17
1050.0	1050.0	9.1412E-18	1.6753E-17
1055.0	1055.0	8.9484E-18	1.6608E-17
1060.0	1060.0	8.7607E-18	1.6465E-17
1065.0	1065.0	8.5778E-18	1.6324E-17
1070.0	1070.0	8.3996E-18	1.6185E-17
1075.0	1075.0	8.2260E-18	1.6048E-17
1080.0	1080.0	8.0568E-18	1.5913E-17
1085.0	1085.0	7.8919E-18	1.5781E-17
1090.0	1090.0	7.7370E-18	1.5666E-17
1095.0	1095.0	7.5820E-18	1.5577E-17
1100.0	1100.0	7.4308E-18	1.5488E-17
1105.0	1105.0	7.2834E-18	1.5399E-17
1110.0	1110.0	7.1396E-18	1.5312E-17
1115.0	1115.0	6.9993E-18	1.5225E-17
1120.0	1120.0	6.8625E-18	1.5138E-17
1125.0	1125.0	6.7289E-18	1.5052E-17
1130.0	1130.0	6.5986E-18	1.4967E-17
1135.0	1135.0	6.4714E-18	1.4883E-17
1140.0	1140.0	6.3473E-18	1.4799E-17
1145.0	1145.0	6.2260E-18	1.4716E-17
1150.0	1150.0	6.1077E-18	1.4634E-17
1155.0	1155.0	5.9921E-18	1.4553E-17
1160.0	1160.0	5.8792E-18	1.4472E-17
1165.0	1165.0	5.7689E-18	1.4391E-17
1170.0	1170.0	5.6611E-18	1.4312E-17
1175.0	1175.0	5.5558E-18	1.4233E-17
1180.0	1180.0	5.4529E-18	1.4155E-17
1185.0	1185.0	5.3524E-18	1.4078E-17
1190.0	1190.0	5.2541E-18	1.4001E-17
1195.0	1195.0	5.1580E-18	1.3925E-17
1200.0	1200.0	5.0641E-18	1.3850E-17
1205.0	1205.0	4.9722E-18	1.3775E-17
1210.0	1210.0	4.8824E-18	1.3701E-17
1215.0	1215.0	4.7946E-18	1.3628E-17
1220.0	1220.0	4.7073E-18	1.3529E-17
1225.0	1225.0	4.6217E-18	1.3425E-17
1230.0	1230.0	4.5378E-18	1.3322E-17
1235.0	1235.0	4.4558E-18	1.3221E-17
1240.0	1240.0	4.3755E-18	1.3122E-17
1245.0	1245.0	4.2969E-18	1.3024E-17
1250.0	1250.0	4.2200E-18	1.2927E-17
1255.0	1255.0	4.1447E-18	1.2832E-17
1260.0	1260.0	4.0710E-18	1.2739E-17
1265.0	1265.0	3.9988E-18	1.2646E-17
1270.0	1270.0	3.9281E-18	1.2555E-17
1275.0	1275.0	3.8588E-18	1.2465E-17
1280.0	1280.0	3.7910E-18	1.2377E-17
1285.0	1285.0	3.7245E-18	1.2290E-17
1290.0	1290.0	3.6594E-18	1.2204E-17
1295.0	1295.0	3.5957E-18	1.2119E-17
1300.0	1300.0	3.5331E-18	1.2035E-17
1305.0	1305.0	3.4719E-18	1.1953E-17
1310.0	1310.0	3.4119E-18	1.1871E-17
1315.0	1315.0	3.3530E-18	1.1791E-17
1320.0	1320.0	3.2953E-18	1.1712E-17
1325.0	1325.0	3.2388E-18	1.1634E-17
1330.0	1330.0	3.1833E-18	1.1557E-17
1335.0	1335.0	3.1289E-18	1.1481E-17
1340.0	1340.0	3.0756E-18	1.1406E-17
1345.0	1345.0	3.0233E-18	1.1332E-17
1350.0	1350.0	2.9720E-18	1.1259E-17
1355.0	1355.0	2.9217E-18	1.1187E-17
1360.0	1360.0	2.8724E-18	1.1116E-17
1365.0	1365.0	2.8240E-18	1.1046E-17
1370.0	1370.0	2.7764E-18	1.0977E-17
1375.0	1375.0	2.7298E-18	1.0908E-17
1380.0	1380.0	2.6841E-18	1.0841E-17
1385.0	1385.0	2.6392E-18	1.0774E-17
1390.0	1390.0	2.5951E-18	1.0709E-17
1395.0	1395.0	2.5523E-18	1.0651E-17
1400.0	1400.0	2.5109E-18	1.0604E-17
1405.0	1405.0	2.4702E-18	1.0558E-17
1410.0	1410.0	2.4303E-18	1.0512E-17
1415.0	1415.0	2.3911E-18	1.0467E-17
1420.0	1420.0	2.3526E-18	1.0422E-17
1425.0	1425.0	2.3148E-18	1.0378E-17
1430.0	1430.0	2.2777E-18	1.0334E-17
1435.0	1435.0	2.2412E-18	1.0290E-17
1440.0	1440.0	2.2054E-18	1.0246E-17
1445.0	1445.0	2.1702E-18	1.0203E-17
1450.0	1450.0	2.1357E-18	1.0161E-17
1455.0	1455.0	2.1018E-18	1.0119E-17
1460.0	1460.0	2.0684E-18	1.0077E-17
1465.0	1465.0	2.0357E-18	1.0035E-17
1470.0	1470.0	2.0035E-18	9.9939E-18
1475.0	1475.0	1.9719E-18	9.9531E-18
1480.0	1480.0	1.9408E-18	9.9126E-18
1485.0	1485.0	1.9102E-18	9.8724E-18
1490.0	1490.0	1.8802E-18	9.8327E-18
1495.0	1495.0	1.8507E-18	9.7932E-18
1500.0	1500.0	1.8217E-18	9.7541E-18
1505.0	1505.0	1.7932E-18	9.7153E-18
1510.0	1510.0	1.7651E-18	9.6768E-18
1515.0	1515.0	1.7375E-18	9.6387E-18
1520.0	1520.0	1.7104E-18	9.6008E-18
1525.0	1525.0	1.6838E-18	9.5633E-18
1530.0	1530.0	1.6576E-18	9.5261E-18
1535.0	1535.0	1.6318E-18	9.4892E-18
1540.0	1540.0	1.6064E-18	9.4526E-18
1545.0	1545.0	1.5815E-18	9.4164E-18
1550.0	1550.0	1.5569E-18	9.3804E-18
1555.0	1555.0	1.5328E-18	9.3447E-18
1560.0	1560.0	1.5090E-18	9.3093E-18
1565.0	1565.0	1.4857E-18	9.2742E-18
1570.0	1570.0	1.4627E-18	9.2393E-18
1575.0	1575.0	1.4401E-18	9.2048E-18
1580.0	1580.0	1.4178E-18	9.1705E-18
1585.0	1585.0	1.3959E-18	9.1366E-18
1590.0	1590.0	1.3743E-18	9.1028E-18
1595.0	1595.0	1.3531E-18	9.0694E-18
1600.0	1600.0	1.3322E-18	9.0362E-18
1605.0	1605.0	1.3117E-18	9.0033E-18
1610.0	1610.0	1.2914E-18	8.9707E-18
1615.0	1615.0	1.2742E-18	8.9778E-18
1620.0	1620.0	1.2572E-18	8.9844E-18
1625.0	1625.0	1.2404E-18	8.9906E-18
1630.0	1630.0	1.2240E-18	8.9964E-18
1635.0	1635.0	1.2077E-18	9.0018E-18
1640.0	1640.0	1.1918E-18	9.0068E-18
1645.0	1645.0	1.1761E-18	9.0114E-18
1650.0	1650.0	1.1606E-18	9.0156E-18
1655.0	1655.0	1.1454E-18	9.0194E-18
1660.0	1660.0	1.1304E-18	9.0229E-18
1665.0	1665.0	1.1157E-18	9.0260E-18
1670.0	1670.0	1.1011E-18	9.0288E-18
1675.0	1675.0	1.0868E-18	9.0313E-18
1680.0	1680.0	1.0727E-18	9.0334E-18
1685.0	1685.0	1.0589E-18	9.0352E-18
1690.0	1690.0	1.0452E-18	9.0367E-18
1695.0	1695.0	1.0317E-18	9.0380E-18
1700.0	1700.0	1.0185E-18	9.0389E-18
1705.0	1705.0	1.0054E-18	9.0395E-18
1710.0	1710.0	9.9256E-19	9.0399E-18
1715.0	1715.0	9.7989E-19	9.0400E-18
1720.0	1720.0	9.6740E-19	9.0398E-18
1725.0	1725.0	9.5510E-19	9.0394E-18
1730.0	1730.0	9.4298E-19	9.0387E-18
1735.0	1735.0	9.3103E-19	9.0378E-18
1740.0	1740.0	9.1926E-19	9.0366E-18
1745.0	1745.0	9.0766E-19	9.0353E-18
1750.0	1750.0	8.9622E-19	9.0336E-18
1755.0	1755.0	8.8496E-19	9.0318E-18
1760.0	1760.0	8.7385E-19	9.0298E-18
1765.0	1765.0	8.6290E-19	9.0275E-18
1770.0	1770.0	8.5211E-19	9.0251E-18
1775.0	1775.0	8.4147E-19	9.0224E-18
1780.0	1780.0	8.3097E-19	9.0196E-18
1785.0	1785.0	8.2063E-19	9.0166E-18
1790.0	1790.0	8.1043E-19	9.0134E-18
1795.0	1795.0	8.0038E-19	9.0100E-18
1800.0	1800.0	7.9046E-19	9.0064E-18
1805.0	1805.0	7.8068E-19	9.0027E-18
1810.0	1810.0	7.7104E-19	8.9988E-18
1815.0	1815.0	7.6153E-19	8.9948E-18
1820.0	1820.0	7.5214E-19	8.9906E-18
1825.0	1825.0	7.3444E-19	8.9862E-18
1830.0	1830.0	7.2535E-19	8.9817E-18
1835.0	1835.0	7.1638E-19	8.9771E-18
1840.0	1840.0	7.0753E-19	8.9723E-18
1845.0	1845.0	6.9881E-19	8.9674E-18
1850.0	1850.0	6.9020E-19	8.9623E-18
1855.0	1855.0	6.8171E-19	8.9571E-18
1860.0	1860.0	6.7333E-19	8.9518E-18
1865.0	1865.0	6.6506E-19	8.9464E-18
1870.0	1870.0	6.5690E-19	8.9408E-18
1875.0	1875.0	6.3673E-19	8.9351E-18
1880.0	1880.0	6.2873E-19	8.9293E-18
1885.0	1885.0	6.2084E-19	8.9234E-18
1890.0	1890.0	6.1305E-19	8.9174E-18
1895.0	1895.0	6.0537E-19	8.9113E-18
1900.0	1900.0	5.9779E-19	8.9051E-18
1905.0	1905.0	5.9032E-19	8.8988E-18
1910.0	1910.0	5.8294E-19	8.8924E-18
1915.0	1915.0	5.7567E-19	8.8859E-18
1920.0	1920.0	5.6849E-19	8.8794E-18
1925.0	1925.0	5.6141E-19	8.8727E-18
1930.0	1930.0	5.5443E-19	8.8659E-18
1935.0	1935.0	5.4753E-19	8.8591E-18
1940.0	1940.0	5.4107E-19	8.8283E-18
1945.0	1945.0	5.3492E-19	8.7818E-18
1950.0	1950.0	5.2887E-19	8.7357E-18
1955.0	1955.0	5.2291E-19	8.6899E-18
1960.0	1960.0	5.1706E-19	8.6444E-18
1965.0	1965.0	5.1129E-19	8.5993E-18
1970.0	1970.0	5.0562E-19	8.5546E-18
1975.0	1975.0	5.0004E-19	8.5101E-18
1980.0	1980.0	4.9455E-19	8.4660E-18
1985.0	1985.0	4.8914E-19	8.4222E-18
1990.0	1990.0	4.8383E-19	8.3787E-18
1995.0	1995.0	4.7860E-19	8.3356E-18
2000.0	2000.0	4.7345E-19	8.2928E-18