250.00	250.00	2.2577E-15	5.9074E-15
255.00	255.00	2.2535E-15	5.9165E-15
260.00	260.00	2.2252E-15	5.8696E-15
265.00	265.00	2.1701E-15	5.7914E-15
270.00	270.00	2.0947E-15	5.6838E-15
275.00	275.00	1.9959E-15	5.5345E-15
280.00	280.00	1.8855E-15	5.3991E-15
285.00	285.00	1.7758E-15	5.2689E-15
290.00	290.00	1.6712E-15	5.1627E-15
295.00	295.00	1.5679E-15	5.0388E-15
300.00	300.00	1.4673E-15	4.9003E-15
305.00	305.00	1.3831E-15	4.8104E-15
310.00	310.00	1.3056E-15	4.7314E-15
315.00	315.00	1.2307E-15	4.6404E-15
320.00	320.00	1.1593E-15	4.5483E-15
325.00	325.00	1.1031E-15	4.5350E-15
330.00	330.00	1.0522E-15	4.5314E-15
335.00	335.00	9.9441E-16	4.4797E-15
340.00	340.00	9.3518E-16	4.4073E-15
345.00	345.00	8.8001E-16	4.3242E-15
350.00	350.00	8.2651E-16	4.2303E-15
355.00	355.00	7.7877E-16	4.1442E-15
360.00	360.00	7.4621E-16	4.0892E-15
365.00	365.00	7.1527E-16	4.0346E-15
370.00	370.00	6.8661E-16	3.9798E-15
375.00	375.00	6.5977E-16	3.9240E-15
380.00	380.00	6.3416E-16	3.8683E-15
385.00	385.00	6.0534E-16	3.7990E-15
390.00	390.00	5.7566E-16	3.7254E-15
395.00	395.00	5.4755E-16	3.6532E-15
400.00	400.00	5.2142E-16	3.5920E-15
405.00	405.00	4.9745E-16	3.5408E-15
410.00	410.00	4.7449E-16	3.4906E-15
415.00	415.00	4.5290E-16	3.4430E-15
420.00	420.00	4.3118E-16	3.3991E-15
425.00	425.00	4.1121E-16	3.3563E-15
430.00	430.00	3.9215E-16	3.3148E-15
435.00	435.00	3.7610E-16	3.3069E-15
440.00	440.00	3.6188E-16	3.3045E-15
445.00	445.00	3.4835E-16	3.3032E-15
450.00	450.00	3.3542E-16	3.3037E-15
455.00	455.00	3.2188E-16	3.3110E-15
460.00	460.00	3.0919E-16	3.3212E-15
465.00	465.00	2.9695E-16	3.3329E-15
470.00	470.00	2.8585E-16	3.3462E-15
475.00	475.00	2.8347E-16	3.4254E-15
480.00	480.00	2.8593E-16	3.5380E-15
485.00	485.00	2.8959E-16	3.6591E-15
490.00	490.00	2.9555E-16	3.7906E-15
495.00	495.00	3.0282E-16	3.9330E-15
500.00	500.00	3.2966E-16	4.0757E-15
505.00	505.00	3.6359E-16	4.1752E-15
510.00	510.00	3.9948E-16	4.2059E-15
515.00	515.00	4.3626E-16	4.1424E-15
520.00	520.00	4.7017E-16	3.9582E-15
525.00	525.00	4.6499E-16	3.5540E-15
530.00	530.00	4.4672E-16	3.1154E-15
535.00	535.00	4.2399E-16	2.6898E-15
540.00	540.00	3.9928E-16	2.2935E-15
545.00	545.00	3.7359E-16	1.9335E-15
550.00	550.00	3.4741E-16	1.6282E-15
555.00	555.00	3.2169E-16	1.3964E-15
560.00	560.00	2.9870E-16	1.1955E-15
565.00	565.00	2.7670E-16	1.0215E-15
570.00	570.00	2.5659E-16	8.7143E-16
575.00	575.00	2.3866E-16	7.4191E-16
580.00	580.00	2.2245E-16	6.3021E-16
585.00	585.00	2.0757E-16	5.4417E-16
590.00	590.00	1.9312E-16	4.7657E-16
595.00	595.00	1.8056E-16	4.1766E-16
600.00	600.00	1.6980E-16	3.6617E-16
605.00	605.00	1.5930E-16	3.2121E-16
610.00	610.00	1.4961E-16	2.8175E-16
615.00	615.00	1.4157E-16	2.4701E-16
620.00	620.00	1.3343E-16	2.2002E-16
625.00	625.00	1.2689E-16	1.9782E-16
630.00	630.00	1.1999E-16	1.7779E-16
635.00	635.00	1.1435E-16	1.5972E-16
640.00	640.00	1.0873E-16	1.4339E-16
645.00	645.00	1.0349E-16	1.2861E-16
650.00	650.00	9.8872E-17	1.1520E-16
655.00	655.00	9.4092E-17	1.0304E-16
660.00	660.00	9.0052E-17	9.2475E-17
665.00	665.00	8.5828E-17	8.7136E-17
670.00	670.00	8.2224E-17	8.2188E-17
675.00	675.00	7.9169E-17	7.7584E-17
680.00	680.00	7.5932E-17	7.3296E-17
685.00	685.00	7.2283E-17	6.9305E-17
690.00	690.00	6.9926E-17	6.5584E-17
695.00	695.00	6.6741E-17	6.2106E-17
700.00	700.00	6.4591E-17	5.8856E-17
705.00	705.00	6.2297E-17	5.5916E-17
710.00	710.00	5.9841E-17	5.4018E-17
715.00	715.00	5.7502E-17	5.2209E-17
720.00	720.00	5.5373E-17	5.0500E-17
725.00	725.00	5.3175E-17	4.8873E-17
730.00	730.00	5.1420E-17	4.7323E-17
735.00	735.00	4.9557E-17	4.5842E-17
740.00	740.00	4.7900E-17	4.4438E-17
745.00	745.00	4.6687E-17	4.3097E-17
750.00	750.00	4.5076E-17	4.1818E-17
755.00	755.00	4.3040E-17	4.0596E-17
760.00	760.00	4.1554E-17	3.9571E-17
765.00	765.00	4.0959E-17	3.8627E-17
770.00	770.00	3.9281E-17	3.7720E-17
775.00	775.00	3.7866E-17	3.6845E-17
780.00	780.00	3.6927E-17	3.6003E-17
785.00	785.00	3.5584E-17	3.5192E-17
790.00	790.00	3.4505E-17	3.4412E-17
795.00	795.00	3.3955E-17	3.3658E-17
800.00	800.00	3.2418E-17	3.2929E-17
805.00	805.00	3.1438E-17	3.2229E-17
810.00	810.00	3.0510E-17	3.1553E-17
815.00	815.00	2.9718E-17	3.0900E-17
820.00	820.00	2.8980E-17	3.0268E-17
825.00	825.00	2.7769E-17	2.9547E-17
830.00	830.00	2.7522E-17	2.8821E-17
835.00	835.00	2.6538E-17	2.8123E-17
840.00	840.00	2.5865E-17	2.7451E-17
845.00	845.00	2.5019E-17	2.6802E-17
850.00	850.00	2.4036E-17	2.6178E-17
855.00	855.00	2.3286E-17	2.5575E-17
860.00	860.00	2.3161E-17	2.4992E-17
865.00	865.00	2.2095E-17	2.4432E-17
870.00	870.00	2.1941E-17	2.3891E-17
875.00	875.00	2.1062E-17	2.3366E-17
880.00	880.00	2.0713E-17	2.2860E-17
885.00	885.00	1.9957E-17	2.2371E-17
890.00	890.00	1.9214E-17	2.1899E-17
895.00	895.00	1.8788E-17	2.1614E-17
900.00	900.00	1.8674E-17	2.1444E-17
905.00	905.00	1.8381E-17	2.1276E-17
910.00	910.00	1.8186E-17	2.1110E-17
915.00	915.00	1.7266E-17	2.0942E-17
920.00	920.00	1.6906E-17	2.0777E-17
925.00	925.00	1.5948E-17	2.0613E-17
930.00	930.00	1.6680E-17	2.0452E-17
935.00	935.00	1.5707E-17	2.0291E-17
940.00	940.00	1.5612E-17	2.0130E-17
945.00	945.00	1.5606E-17	1.9972E-17
950.00	950.00	1.4966E-17	1.9815E-17
955.00	955.00	1.4924E-17	1.9661E-17
960.00	960.00	1.4619E-17	1.9507E-17
965.00	965.00	1.3817E-17	1.9354E-17
970.00	970.00	1.3972E-17	1.9203E-17
975.00	975.00	1.3108E-17	1.9053E-17
980.00	980.00	1.2926E-17	1.8907E-17
985.00	985.00	1.2531E-17	1.8753E-17
990.00	990.00	1.2280E-17	1.8575E-17
995.00	995.00	1.1912E-17	1.8401E-17
1000.0	1000.0	1.1857E-17	1.8228E-17