#
#"Wavelength / nm"	"Eps'' (Fit) [Real Part]"
#-------------------------------------------
400.00000183208	0.025117425248027
400.24038401921	0.025559263303876
400.48105529805	0.026017978787422
400.72201619042	0.026492372155190
400.96326721940	0.026981405913830
401.20480890933	0.027484182268381
401.44664178580	0.027999913319945
401.68876637569	0.028527889400721
401.93121532621	0.029067466035485
402.17392496744	0.029618043452501
402.41692791042	0.030179049819708
402.66022468712	0.030749937519431
402.90381583082	0.031330160796642
403.14770187607	0.031919177621603
403.39188335873	0.032516423612833
403.63636081596	0.033121332526207
403.71936660680	0.033328179270029
403.88113478620	0.033733297139406
404.12620580922	0.034351695328951
404.37157442610	0.034975852817297
404.61724117922	0.035605065524578
404.86320661230	0.036238580942154
405.10950389940	0.036875598132610
405.35606836853	0.037515264004469
405.60293315677	0.038156669586897
405.85009881313	0.038798853754997
406.09756588799	0.039440792053938
406.34533493304	0.040081400424242
406.59340650134	0.040719542652369
406.84178114729	0.041354015469551
407.09045942666	0.041983563452959
407.33944189657	0.042606871575117
407.47332323769	0.042938649654388
407.58872911549	0.043222572654486
407.83832164328	0.043829251080751
408.08822004116	0.044425446540117
408.33845802300	0.045009654015303
408.58896989094	0.045580338686705
408.83978932099	0.046135939657688
409.09091687992	0.046674869954586
409.34235313587	0.047195542603731
409.59409865838	0.047696363180876
409.84615401840	0.048175740987062
410.09851978829	0.048632122576237
410.35119654181	0.049063965678215
410.60418485414	0.049469787627459
410.85748530189	0.049848150461912
411.11109846306	0.050197683274746
411.26219937735	0.050391472876072
411.36502491712	0.050517097115517
411.61929893105	0.050805196166039
411.87385375664	0.051060881465673
412.12872362215	0.051283158361912
412.38390911280	0.051471170037985
412.63941081524	0.051624175161123
412.89522931758	0.051741573959589
413.15136520940	0.051822911947966
413.40781908174	0.051867883652449
413.66459152708	0.051876328885555
413.92168313942	0.051848247647285
414.17909451421	0.051783785223961
414.43682624839	0.051683243364096
414.69487894037	0.051547076553106
414.95328742409	0.051375873386860
415.08626069745	0.051274415105581
415.21198387563	0.051170364022255
415.47100308929	0.050931409001350
415.73034566951	0.050659995526075
415.99001222219	0.050357215106487
416.25000335478	0.050024267286062
416.51031967625	0.049662433564663
416.77096179709	0.049273088574409
417.03193032930	0.048857662826777
417.29322588643	0.048417650163174
417.55484908358	0.047954574227333
417.81680053738	0.047470010817051
418.07908086599	0.046965535730124
418.34172548456	0.046442747116089
418.60466546733	0.045903239399195
418.86793618889	0.045348592102528
418.94591417322	0.045181725174189
419.13153827366	0.044780369848013
419.39547234762	0.044200107455254
419.65973903836	0.043609302490950
419.92433897503	0.043009415268898
420.18927278837	0.042401857674122
420.45454111071	0.041787985712290
420.72014457600	0.041169099509716
420.98608381976	0.040546450763941
421.25235947914	0.039921216666698
421.51897219290	0.039294518530369
421.78595797212	0.038667406886816
422.05324676223	0.038040880113840
422.32087453281	0.037415854632854
422.58884192911	0.036793198436499
422.84147237111	0.036209788173437
422.85714959804	0.036173708736897
423.12579818814	0.035558119416237
423.39478834961	0.034947108477354
423.66412073428	0.034341294318438
423.93379599567	0.033741239458323
424.20381478894	0.033147446811199
424.47417777095	0.032560374587774
424.74488560020	0.031980428844690
425.01593893690	0.031407970935106
425.28733844293	0.030843319371343
425.55912078823	0.030286744236946
425.83121467141	0.029738483950496
426.10365671983	0.029198735952377
426.37644760219	0.028667666018009
426.64958798887	0.028145406395197
426.77321648770	0.027912145480514
426.92307855200	0.027632065117359
427.19691996542	0.027127716690302
427.47111290470	0.026632415130734
427.74565804714	0.026146188378334
428.02055607180	0.025669045746326
428.29580765946	0.025200976058841
428.57141349268	0.024741953238845
428.84737425576	0.024291932582855
429.12372724685	0.023850856348872
429.40039997686	0.023418655619025
429.67742970033	0.022995246574283
429.95481710868	0.022580537945032
430.23256289507	0.022174431011081
430.51066775447	0.021776814013720
430.74154075063	0.021453471854329
430.78913238368	0.021387575194240
431.06795748124	0.021006589755416
431.34714374756	0.020633734762669
431.62669188483	0.020268876105547
431.90660259708	0.019911881536245
432.18687659014	0.019562613219023
432.46751457171	0.019220933318138
432.74855448454	0.018886698409915
433.02992262197	0.018559768795967
433.31165688210	0.018239999189973
433.59375798002	0.017927248030901
433.87622663267	0.017621368169785
434.15906355885	0.017322221770883
434.44226947924	0.017029661685228
434.72584511642	0.016743550077081
434.74677498136	0.016722716391087
435.00979119484	0.016463743522763
435.29410844084	0.016190102323890
435.57879758268	0.015922492370009
435.86385935051	0.015660775825381
436.14929447639	0.015404817648232
436.43514156462	0.015154485590756
436.72132566018	0.014909651130438
437.00788532163	0.014670184813440
437.29482128876	0.014435961842537
437.58213430329	0.014206857420504
437.86982510889	0.013982750475407
438.15789445121	0.013763523660600
438.44634307782	0.013549057766795
438.73517173831	0.013339240103960
438.78921636176	0.013300518505275
439.02438118421	0.013133959844708
439.31397216905	0.012933105230331
439.60394544835	0.012736571021378
439.89430177961	0.012544251047075
440.18508044622	0.012356045655906
440.47620521293	0.012171852402389
440.76771531629	0.011991574428976
441.05961152185	0.011815116740763
441.35189459720	0.011642387136817
441.64456531197	0.011473293416202
441.93762443784	0.011307748034596
442.23107274852	0.011145664379001
442.52491101978	0.010986958630383
442.81914002947	0.010831548832357
442.86928210562	0.010805417783558
443.11376055749	0.010679353959858
443.40877338584	0.010530296713114
443.70417929857	0.010384301654994
444.00001827638	0.010241293348372
444.29621277079	0.010101201012731
444.59280271448	0.0099639538675547
444.88978889992	0.0098294839262962
445.18717212171	0.0096977232024074
445.48495317657	0.0095686083659530
445.78313286336	0.0094420751556754
446.08171198305	0.0093180621042848
446.38069133881	0.0091965105384588
446.68007173592	0.0090773599222302
446.97985398184	0.0089605543762445
446.98724246729	0.0089577054604888
447.28003888620	0.0088460389524698
447.58062726080	0.0087337596341968
447.88165980245	0.0086236633360386
448.18305761538	0.0085156997665763
448.48486134719	0.0084098186343908
448.78707181848	0.0083059715107083
449.08968985204	0.0082041118294001
449.39271627289	0.0081041930243373
449.69615190826	0.0080061703920364
449.99999758764	0.0079100010916591
450.30425414276	0.0078156422823668
450.60892240759	0.0077230520546436
450.91400321836	0.0076321917586029
451.14353018815	0.0075650303624570
451.21949741357	0.0075430213473737
451.52540583400	0.0074555026367307
451.83176991212	0.0073695988394320
452.13850936956	0.0072852736338973
452.44566558837	0.0072024916298687
452.75323941849	0.0071212192997336
453.06123171219	0.0070414231158793
453.36964332404	0.0069630695506930
453.67847511096	0.0068861283361912
453.98772793218	0.0068105678074062
454.29740264930	0.0067363581620157
454.60750012626	0.0066634700633585
454.91802122936	0.0065918746404350
455.22896682728	0.0065215448848903
455.33846709618	0.0064971018582582
455.54033779105	0.0064524533227086
455.85217630909	0.0063845738768578
456.16440068388	0.0063178804703057
456.47705305214	0.0062523479573429
456.79013429450	0.0061879525892437
457.10364529401	0.0061246696859598
457.41758693614	0.0060624768957496
457.73196010882	0.0060013509355485
458.04676570240	0.0059412703849375
458.36200460969	0.0058822138234973
458.67767772596	0.0058241593651474
458.99378594893	0.0057670879177749
459.31033017883	0.0057109785266221
459.57237913119	0.0056653013452888
459.62731131835	0.0056558125652373
459.94477233282	0.0056015704758465
460.26263006780	0.0055482345633209
460.58092743561	0.0054957862012088
460.89966534897	0.0054442081600428
461.21884472312	0.0053934832103550
461.53846647587	0.0053435945883393
461.85853152754	0.0052945264615119
462.17904080103	0.0052462625317276
462.49999522178	0.0051987874321640
462.82139571782	0.0051520862616599
463.14324321977	0.0051061441190541
463.46553866080	0.0050609465688467
463.78828297673	0.0050164796411991
463.84568209322	0.0050086546689272
464.11147710595	0.0049727302975953
464.43516487490	0.0049296841025352
464.75926151629	0.0048873289488256
465.08381080205	0.0048456513322890
465.40881368112	0.0048046396113932
465.73427110508	0.0047642816789448
466.06018402819	0.0047245649620891
466.38655340736	0.0046854787506163
466.71338020219	0.0046470118686557
467.04066537499	0.0046091526746750
467.36840989075	0.0045718909241259
467.69661471717	0.0045352159067988
468.02528082468	0.0044991178438067
468.15871553692	0.0044846399687231
468.35440918645	0.0044635864906013
468.68404445203	0.0044286125339568
469.01410031426	0.0043941861949861
469.34462136682	0.0043602981604636
469.67560859388	0.0043269395828247
470.00706298239	0.0042941016145051
470.33898552208	0.0042617763392627
470.67137720550	0.0042299544438720
471.00423902799	0.0041986280120909
471.33757198771	0.0041677895933390
471.67137708565	0.0041374308057129
472.00565532564	0.0041075446642935
472.34040771435	0.0040781232528389
472.51186831484	0.0040632490999997
472.67563526132	0.0040491595864296
473.01138346281	0.0040206471458077
473.34756442962	0.0039925784803927
473.68422360067	0.0039649470709264
474.02136199703	0.0039377463981509
474.35898064266	0.0039109704084694
474.69708056447	0.0038846123497933
475.03566279228	0.0038586668670177
475.37472835885	0.0038331279065460
475.71427829990	0.0038079896476120
476.05431365410	0.0037832467351109
476.39483546311	0.0037588938139379
476.73584477155	0.0037349252961576
476.90549251865	0.0037231573369354
477.07734262706	0.0037113362923265
477.41937539707	0.0036881219130009
477.76185356663	0.0036652772687376
478.10482344433	0.0036427977029234
478.44828608987	0.0036206785589457
478.79224256601	0.0035989156458527
479.13669393856	0.0035775045398623
479.48164127639	0.0035564412828535
479.82708565148	0.0035357214510441
480.17302813886	0.0035153415519744
480.51946981669	0.0034952973946929
480.86641176625	0.0034755857195705
481.21385507191	0.0034562030341476
481.33994571874	0.0034492569975555
481.56180082123	0.0034371456131339
481.91029627825	0.0034184104297310
482.25925025693	0.0033999944571406
482.60870996093	0.0033818942029029
482.95867649042	0.0033641071058810
483.30915094878	0.0033466303721070
483.66013444262	0.0033294609747827
484.01162808173	0.0033125968184322
484.36363297915	0.0032960353419185
484.71615025114	0.0032797739841044
485.06918101724	0.0032638106495142
485.42272640023	0.0032481434755027
485.77678752618	0.0032327701337636
485.81563814913	0.0032311021350324
486.13136552444	0.0032176887616515
486.48650858214	0.0032028981950134
486.84212379510	0.0031883961055428
487.19825928844	0.0031741813290864
487.55491620476	0.0031602527014911
487.91209569005	0.0031466085929424
488.26979889364	0.0031332478392869
488.62802696823	0.0031201699748635
488.98678106992	0.0031073733698577
489.34606235819	0.0030948577914387
489.70587199595	0.0030826225411147
490.06621114952	0.0030706669203937
490.33298956226	0.0030620074830949
490.42708098865	0.0030589906964451
490.78848268656	0.0030475938692689
491.15046538093	0.0030364757403731
491.51293440067	0.0030256370082498
491.87593881977	0.0030150774400681
492.23947982537	0.0030047975014895
492.60355860809	0.0029947976581752
492.96817636210	0.0029850783757865
493.33333428510	0.0029756408184767
493.69903357836	0.0029664856847376
494.06527544667	0.0029576143715531
494.43206109845	0.0029490275774151
494.79939174567	0.0029407273977995
494.89228359538	0.0029386756941676
495.16726860393	0.0029327149968594
495.53569289243	0.0029249924700707
495.90471472805	0.0029175614472479
496.27423762210	0.0029104247223586
496.64431162603	0.0029035841580480
497.01493797366	0.0028970427811146
497.38611790247	0.0028908031526953
497.75785265368	0.0028848682995886
498.13014347220	0.0028792417142540
498.50299160668	0.0028739266563207
498.87639830948	0.0028689273167402
499.25036483675	0.0028642471879721
499.49400182460	0.0028613754548132
499.62489244841	0.0028598909266293
499.99998240813	0.0028558631893247
500.37563598341	0.0028521683998406
500.75190430007	0.0028488123789430
501.12868899925	0.0028458000160754
501.50604113954	0.0028431375976652
501.88396200378	0.0028408311773092
502.26245287866	0.0028388870414346
502.64151505476	0.0028373126406223
503.02114982654	0.0028361147269607
503.40135849240	0.0028353014495224
503.78214235467	0.0028348807245493
504.13853909449	0.0028348502237350
504.16350271959	0.0028348613996059
504.54544089739	0.0028352525550872
504.92795820227	0.0028360635042191
505.31105595240	0.0028373049572110
505.69473546998	0.0028389869257808
506.07904900210	0.0028411212842911
506.46389611468	0.0028437194414437
506.84932898560	0.0028467942029238
507.23534895323	0.0028503588400781
507.62195735999	0.0028544270899147
508.00915555241	0.0028590138535947
508.39694488113	0.0028641342651099
508.78532670093	0.0028698050882667
508.82624622865	0.0028704341966659
509.17430237071	0.0028760430868715
509.56387325354	0.0028828666545451
509.95404071666	0.0028902946505696
510.34480613152	0.0028983475640416
510.73617087375	0.0029070461168885
511.12818826525	0.0029164133593440
511.52075588588	0.0029264723416418
511.91392698639	0.0029372482094914
512.30770295941	0.0029487672727555
512.70208520188	0.0029610570054501
513.09707511500	0.0029741469770670
513.49267410433	0.0029880679212511
513.55753044699	0.0029904285911471
513.88888357976	0.0030028522014618
514.28570495551	0.0030185342766345
514.68313965021	0.0030351504683495
515.08118908685	0.0030527389608324
515.47985469284	0.0030713402666152
515.87913790000	0.0030909972265363
516.27909313882	0.0031117543112487
516.67961594384	0.0031336597166955
517.08076067242	0.0031567630358040
517.48252877425	0.0031811178196222
517.88492170352	0.0032067797146738
518.28794091896	0.0032338076271117
518.33280703643	0.0032368998508900
518.69158788385	0.0032622641883790
519.09586406601	0.0032922150567174
519.50077093787	0.0033237291499972
519.90630997641	0.0033568800427020
520.31248266329	0.0033917443361133
520.71929048474	0.0034284030552953
521.12673493169	0.0034669416490942
521.53487157840	0.0035074497573078
521.94359385256	0.0035500214435160
522.35295725325	0.0035947554279119
522.76296329016	0.0036417548544705
523.15244531848	0.0036885289009660
523.17361347773	0.0036911282222718
523.58490933518	0.0037429882213473
523.99685238650	0.0037974521983415
524.40944416047	0.0038546423893422
524.82268619070	0.0039146845228970
525.23658001564	0.0039777094498277
525.65112717859	0.0040438496507704
526.06632922773	0.0041132424958050
526.48218771613	0.0041860253550112
526.89875939855	0.0042623379267752
527.31593553182	0.0043423185124993
527.73377279334	0.0044261030852795
528.01698569130	0.0044850409030914
528.15227275597	0.0045138234272599
528.57143699756	0.0046056052669883
528.99126710095	0.0047015636228025
529.41176465404	0.0048017995432019
529.83293124978	0.0049063973128796
530.25476848618	0.0050154174678028
530.67727796634	0.0051288926042616
531.10046129849	0.0052468189969659
531.52432009599	0.0053691514767706
531.94885597734	0.0054957913234830
532.37412691614	0.0056265811435878
532.80002193166	0.0057612909004092
532.92670365711	0.0058020320720971
533.22659891791	0.0058996109291911
533.65385951423	0.0060411365702748
534.08180536523	0.0061853597871959
534.51043812077	0.0063316584564745
534.93975943603	0.0064792861230671
535.36977097150	0.0066273636184633
535.80047439303	0.0067748762667179
536.23187137182	0.0069206710904837
536.66396358446	0.0070634623989463
537.09675271296	0.0072018429636955
537.53024044474	0.0073342989198864
537.88204444394	0.0074361986480653
537.96448601225	0.0074592381715775
538.39937612779	0.0075750220566988
538.83496994193	0.0076800067909062
539.27126916404	0.0077725932933390
539.70827550904	0.0078512774780393
540.14599069740	0.0079147061333060
540.58441645519	0.0079617341980338
541.02355451408	0.0079914703965187
541.46340661137	0.0080033205449581
541.90397449000	0.0079970192164183
542.34525989863	0.0079726446419954
542.78726459158	0.0079306177794933
542.88352180246	0.0079192062839866
543.22999032892	0.0078716902062297
543.67349764373	0.0077969119884074
544.11767086907	0.0077075920999050
544.56257045378	0.0076052453368902
545.00819818105	0.0074915383011103
545.45455583990	0.0073682302609086
545.90164522523	0.0072371196001768
546.34946813783	0.0070999907329679
546.79802638439	0.0069585726596415
547.24732177755	0.0068145026452839
547.69735613592	0.0066692996770144
547.93148518481	0.0065938741900027
548.14813128408	0.0065243467688560
548.59964905263	0.0063808797858655
549.05191127820	0.0062399851158261
549.50497983822	0.0061026019975543
549.95873661121	0.0059695276431739
550.41324338783	0.0058414279483259
550.86850202913	0.0057188495993614
551.32451440231	0.0056022312492132
551.78128238074	0.0054919198155403
552.23880784401	0.0053881802596152
552.69709267798	0.0052912123501301
553.02640774569	0.0052258917130530
553.15613877472	0.0052011585794389
553.61594803265	0.0051181181333959
554.07652235646	0.0050421566702425
554.53786365721	0.0049733123742044
554.99997385233	0.0049116085283458
555.46291620926	0.0048570563085377
555.92657007343	0.0048096631653607
556.39099862298	0.0047694360837340
556.85620380107	0.0047363885678351
557.32218755738	0.0047105425037444
557.78895184813	0.0046919314190745
558.16865003303	0.0046821720898151
558.25649863606	0.0046806032769382
558.72482989055	0.0046766237355769
559.19394758754	0.0046800752170384
559.66385370966	0.0046910601668060
560.13455024617	0.0047097010537982
560.60603919306	0.0047361380420625
561.07832255303	0.0047705327160656
561.55140233552	0.0048130610957742
562.02534335846	0.0048639164306223
562.50002214767	0.0049233003519475
562.97550342887	0.0049914224073291
563.35876444798	0.0050527355633676
563.45178923882	0.0050684893503785
563.92888162116	0.0051546990871429
564.40678262650	0.0052502267062664
564.88549431237	0.0053552137687802
565.36501874331	0.0054697459563613
565.84535799085	0.0055938349105418
566.32651413360	0.0057273912243545
566.80848925722	0.0058701932430267
567.29128545449	0.0060218535363674
567.77490482532	0.0061817774549127
568.25941367939	0.0063491226173937
568.59712737887	0.0064694033935666
568.74468583547	0.0065227523446083
569.23078750824	0.0067011946812272
569.71772082648	0.0068826009519398
570.20548792623	0.0070647201500833
570.69409095088	0.0072448831051588
571.18353205114	0.0074200159870088
571.67381338514	0.0075866803526878
572.16493711840	0.0077411490492523
572.65690542390	0.0078795263543725
573.14972048209	0.0079979011788964
573.64338448094	0.0080925384536386
573.88418389971	0.0081290071830153
574.13789961598	0.0081600854173303
574.63333374123	0.0081977844238281
575.12955787894	0.0082036629319191
575.62663978526	0.0081766750663519
576.12458168621	0.0081167854368687
576.62338581551	0.0080249793827534
577.12305441465	0.0079031903296709
577.62358973287	0.0077541652135551
578.12499402723	0.0075812800787389
578.62726956262	0.0073883249424398
579.13041861184	0.0071792886592448
579.22038733711	0.0071405735798180
579.63444345556	0.0069581577554345
580.13934638244	0.0067287497222424
580.64512968908	0.0064945830963552
581.15186282899	0.0062587913125753
581.65941393447	0.0060240761376917
582.16785235812	0.0057926923036575
582.67718042884	0.0055664600804448
583.18740048369	0.0053467960096896
583.69851486789	0.0051347529515624
584.21052593494	0.0049310666508973
584.60619966164	0.0047799171879888
584.72343604657	0.0047362060286105
585.23724757282	0.0045504183508456
585.75196289207	0.0043737711384892
586.26758439107	0.0042061922140419
586.78411446499	0.0040475009009242
587.30155551744	0.0038974373601377
587.81997865914	0.0037556833121926
588.33924903490	0.0036218839231879
588.85943765142	0.0034956594463438
589.38054694647	0.0033766198903322
589.90257936648	0.0032643715385348
590.04216111665	0.0032354949507862
590.42553736654	0.0031585257966071
590.94942341047	0.0030587029177696
591.47423997081	0.0029645361937582
591.99998952893	0.0028756735846400
592.52667457501	0.0027917805127800
593.05429760810	0.0027125400956720
593.58286113615	0.0026376524474472
594.11236767609	0.0025668367743492
594.64289005647	0.0024998292792588
595.17429033260	0.0024363826960325
595.52861506438	0.0023960007820278
595.70664122577	0.0023762669879943
596.23994528910	0.0023192665539682
596.77420508483	0.0022651816252619
597.30942318442	0.0022138254716992
597.84560216856	0.0021650244016200
598.38274462720	0.0021186170633882
598.92085315963	0.0020744532812387
599.45993037447	0.0020323935896158
600.00001467730	0.0019923083018512
600.54103718508	0.0019540763460100
601.06608397864	0.0019187012221664
601.08303625792	0.0019175859633833
601.62601454232	0.0018827324965969
602.16997469433	0.0018494186224416
602.71491937963	0.0018175540026277
603.26088745116	0.0017870544688776
603.80780930438	0.0017578412080184
604.35572374623	0.0017298412276432
604.90463348128	0.0017029861919582
605.45454122393	0.0016772123053670
606.00544969849	0.0016524600796402
606.55736163915	0.0016286738682538
606.65503010090	0.0016245656879619
607.11031643087	0.0016058017499745
607.66424361321	0.0015837949467823
608.21918252447	0.0015626080567017
608.77513593903	0.0015421983553097
609.33210664141	0.0015225259121507
609.89009742632	0.0015035532414913
610.44911109872	0.0014852451859042
611.00918758678	0.0014675687998533
611.57025555849	0.0014504928840324
612.13235489472	0.0014339883346111
612.29599829434	0.0014292928390205
612.69548844191	0.0014180277939886
613.25965905696	0.0014025854179636
613.82486960731	0.0013876368757337
614.39116049586	0.0013731591170654
614.95845963083	0.0013591308379546
615.52680736730	0.0013455313164741
616.09620661531	0.0013323415769264
616.66666029571	0.0013195433421060
617.23817134016	0.0013071193825454
617.81074269120	0.0012950535165146
617.98935763044	0.0012913648970425
618.38441531656	0.0012833303771913
618.95911622286	0.0012719352962449
619.53488632936	0.0012608546530828
620.11172862260	0.0012500754091889
620.68964610030	0.0012395851081237
621.26864177132	0.0012293718755245
621.84875709716	0.0012194247683510
622.42991829838	0.0012097331928089
623.01216678740	0.0012002870207652
623.59550561838	0.0011910765897483
623.73570974308	0.0011888997396454
624.17993785691	0.0011820929357782
624.76546658010	0.0011733274441212
625.35209487661	0.0011647717328742
625.93986479555	0.0011564181186259
626.52870162447	0.0011482590343803
627.11864736278	0.0011402873788029
627.70970514590	0.0011324963998049
628.30187812110	0.0011248795781285
628.89516944754	0.0011174307437614
629.48962168816	0.0011101439595222
629.53547716034	0.0011095888912678
630.08515931692	0.0011030135210603
630.68182484647	0.0010960341896862
631.27962148408	0.0010892007267103
631.87855244919	0.0010825081262738
632.47862097346	0.0010759518481791
633.07983030086	0.0010695273522288
633.68222360603	0.0010632300982252
634.28572439707	0.0010570561280474
634.89037579763	0.0010510014835745
635.38916668154	0.0010461026104167
635.49618110142	0.0010450623231009
636.10314361471	0.0010392349213362
636.71126665642	0.0010335159022361
637.32059393623	0.0010279017733410
637.93104811983	0.0010223893914372
638.54267286531	0.0010169756133109
639.15547154279	0.0010116576449946
639.76944753530	0.0010064323432744
640.38460423893	0.0010012971470132
641.00094506281	0.00099624937865883
641.29725441636	0.00099385646171868
641.61851435370	0.00099128647707403
642.23723377708	0.00098640599753708
642.85714762745	0.00098160549532622
643.47825936687	0.00097688287496567
644.10057247080	0.00097223586635664
644.72409042818	0.00096766237402335
645.34881674145	0.00096316036069766
645.97479640871	0.00095872784731910
646.60195007609	0.00095436302945018
647.23032268872	0.00095006398623809
647.26030739043	0.00094986055046320
647.85991780380	0.00094582902966067
648.49073899237	0.00094165647169575
649.12278983943	0.00093754468252882
649.75611591307	0.00093349203234538
650.39063697003	0.00092949706595391
651.02639852485	0.00092555821174756
651.66340421886	0.00092167413095012
652.30165770769	0.00091784348478541
652.94116266127	0.00091406481806189
653.27882198698	0.00091209326637909
653.58192276396	0.00091033696662635
654.22398426290	0.00090665859170258
654.86726585856	0.00090302852913737
655.51181374379	0.00089944567298517
656.15763166127	0.00089590880088508
656.80472336845	0.00089241686509922
657.45309263764	0.00088896881788969
658.10278631035	0.00088556361151859
658.75372216533	0.00088220025645569
659.35330312749	0.00087914423784241
659.40594698919	0.00087887776317075
660.05946461431	0.00087559531675652
660.71427888826	0.00087235186947510
661.37039367392	0.00086914666462690
662.02781284951	0.00086597877088934
662.68658396488	0.00086284737335518
663.34662370384	0.00085975171532482
664.00797956059	0.00085669098189101
664.67065547557	0.00085366441635415
665.33465540495	0.00085067132022232
665.48422065024	0.00085000245599076
665.99998332074	0.00084771093679592
666.66668739299	0.00084478262579069
667.33468334988	0.00084188568871468
668.00401930520	0.00083901948528364
668.67469929503	0.00083618331700563
669.34672737172	0.00083337666001171
670.02010760388	0.00083059893222526
670.69484407654	0.00082784943515435
671.37098569909	0.00082512764493003
671.67218501354	0.00082392554031685
672.04844706425	0.00082243309589103
672.72727702442	0.00081976514775306
673.40747973099	0.00081712327664718
674.08905935218	0.00081450707511976
674.77202007311	0.00081191596109420
675.45641145073	0.00080934946890920
676.14214708658	0.00080680719111115
676.82927647998	0.00080428854562342
677.51780388447	0.00080179324140772
677.91768603840	0.00080035679275170
678.20773357092	0.00079932069638744
678.89906982761	0.00079687061952427
679.59181696032	0.00079444248694927
680.28602529822	0.00079203594941646
680.98160726491	0.00078965059947222
681.67861313118	0.00078728608787060
682.37704727373	0.00078494206536561
683.07691408719	0.00078261806629598
683.77821798429	0.00078031379962340
684.22126703826	0.00077887065708637
684.48096339584	0.00077802897430956
685.18520144175	0.00077576312469319
685.89084334396	0.00077351601794362
686.59794016323	0.00077128736302257
687.30649640391	0.00076907669426873
688.01651658894	0.00076688383705914
688.72800525999	0.00076470850035548
689.44101422989	0.00076255027670413
690.15545367128	0.00076040899148211
690.58343467842	0.00075913633918390
690.87137533720	0.00075828435365111
691.58878384513	0.00075617601396516
692.30768383176	0.00075408379780129
693.02807995305	0.00075200735591352
693.74997688438	0.00074994651367888
694.47342726533	0.00074790098005906
695.19834002110	0.00074587046401575
695.92476773076	0.00074385484913364
696.65271514829	0.00074185384437442
697.00479994104	0.00074089277768508
697.38218704761	0.00073986721690744
698.11318822262	0.00073789467569441
698.84577203769	0.00073593616252765
699.57984632849	0.00073399132816121
700.31546439822	0.00073205999797210
701.05263112193	0.00073014193912968
701.79135139520	0.00072823709342629
702.53163013427	0.00072634505340829
703.27347227616	0.00072446581907570
703.48584152974	0.00072393100708723
704.01693205023	0.00072259909939021
704.76191599674	0.00072074471972883
705.50847828313	0.00071890250546858
706.25662393057	0.00071707228198647
707.00635798157	0.00071525393286720
707.75768550006	0.00071344716707245
708.51066147401	0.00071165192639455
709.26519131194	0.00070986803621054
710.02132993926	0.00070809526368976
710.02714338659	0.00070808170130476
710.77908250679	0.00070633355062455
711.53845418736	0.00070458266418427
712.29945017593	0.00070284248795360
713.06207568971	0.00070111284730956
713.82638662238	0.00069939368404448
714.59228703657	0.00069768476532772
715.35983276263	0.00069598597474396
716.12902910799	0.00069429719587788
716.62925113675	0.00069320615148172
716.89988140288	0.00069261825410649
717.67239500054	0.00069094909122214
718.44662658923	0.00068928947439417
719.22247905553	0.00068763940362260
720.00000902375	0.00068599864607677
720.77922194026	0.00068436714354903
721.56012327505	0.00068274477962404
722.34271852183	0.00068113137967885
723.12701319818	0.00067952682729810
723.29277193506	0.00067918933928013
723.91306494139	0.00067793112248182
724.70077523911	0.00067634403239936
725.49020166393	0.00067476549884304
726.28134983019	0.00067319546360523
727.07422537671	0.00067163369385526
727.86883396698	0.00067008018959314
728.66523407122	0.00066853483440354
729.46332595440	0.00066699751187116
730.01827381983	0.00066593516385183
730.26316802142	0.00066546810558066
731.06476603572	0.00066394655732438
731.86812578608	0.00066243275068700
732.67325308675	0.00066092656925321
733.48015377760	0.00065942801302299
734.28888732406	0.00065793690737337
735.09935253641	0.00065645313588902
735.91160881402	0.00065497669856995
736.72566210062	0.00065350747900084
736.80628141870	0.00065336254192516
737.54151836630	0.00065204541897401
738.35918360759	0.00065059034386650
739.17866384766	0.00064914225367829
740.00001957327	0.00064770109020174
740.82314810879	0.00064626667881384
741.64810987420	0.00064483901951462
742.47491100064	0.00064341799588874
743.30355764663	0.00064200360793620
743.65743633539	0.00064140249742195
744.13405599820	0.00064059568103403
744.96646743905	0.00063919415697455
745.80068799439	0.00063779903575778
746.63677898053	0.00063641020096838
747.47474669514	0.00063502759439871
748.31459746422	0.00063365109963343
749.15633764221	0.00063228071667254
749.99997361219	0.00063091638730839
750.57228374181	0.00062999600777403
750.84556783021	0.00062955799512565
751.69301477528	0.00062820548191667
752.54237683533	0.00062685878947377
753.39366050958	0.00062551791779697
754.24687232666	0.00062418269226328
755.10201884480	0.00062285311287269
755.95916346219	0.00062152917962521
756.81819930566	0.00062021071789786
757.55143379971	0.00061909202486277
757.67918970469	0.00061889778589830
758.54214133767	0.00061759020900354
759.40706091341	0.00061628804542124
760.27395517138	0.00061499112052843
761.14283088185	0.00061369949253276
762.01375256988	0.00061241304501891
762.88661175260	0.00061113177798688
763.76147288570	0.00060985557502136
764.59545113588	0.00060864636907354
764.63834286446	0.00060858437791467
765.51722861588	0.00060731824487448
766.39813709882	0.00060605700127780
767.28113382882	0.00060480064712465
768.16610891494	0.00060354918241501
769.05312780281	0.00060230249073356
769.94219758069	0.00060106057208031
770.83332536964	0.00059982331003994
771.70496841133	0.00059862039051950
771.72651832374	0.00059859070461243
772.62178363028	0.00059736275579780
773.51918799000	0.00059613934718072
774.41861983539	0.00059492047876120
775.32014579665	0.00059370609233156
776.22377319579	0.00059249612968415
777.12950938898	0.00059129059081897
778.03736176679	0.00059008941752836
778.88063196397	0.00058898003771901
778.94739807217	0.00058889255160466
779.85950527073	0.00058769993484020
780.77375103435	0.00058651156723499
781.69014289310	0.00058532739058137
782.60868841246	0.00058414734667167
783.52939519352	0.00058297149371356
784.45227087315	0.00058179965708405
785.37738444202	0.00058063189499080
786.12297958724	0.00057969550834969
786.30462111866	0.00057946809101850
787.23404982206	0.00057830830337480
788.16567833446	0.00057715247385204
789.09951447503	0.00057600048603490
790.03556610002	0.00057485239813104
790.97384110298	0.00057370815193281
791.91440975778	0.00057256768923253
792.85715549633	0.00057143095182255
793.43268005679	0.00057074014330283
793.80214852027	0.00057029799791053
794.74939687467	0.00056916871108115
795.69890864309	0.00056804309133440
796.65069194773	0.00056692113867030
797.60481819163	0.00056580273667350
798.56116924300	0.00056468794355169
799.51981643217	0.00056357664288953
800.48076803842	0.00056246889289469
800.81035384706	0.00056209031026810
801.44403238085	0.00056136457715183
802.40961781866	0.00056026375386864
803.37753275139	0.00055916636483744
804.34784993488	0.00055807229364291
805.32044937424	0.00055698165670037
806.29540375214	0.00055589433759451
807.27272163191	0.00055481027811766
808.25241161844	0.00055372953647748
808.25663284876	0.00055372487986460
809.23448235845	0.00055265205446631
810.21900779880	0.00055157777387649
811.20586631354	0.00055050669470802
812.19513177598	0.00054943875875324
813.18681300268	0.00054837402421981
814.18091885333	0.00054731237469241
815.17745823098	0.00054625381017104
815.77216090944	0.00054562481818721
816.17644008233	0.00054519833065569
817.17793978187	0.00054414587793872
818.18183375984	0.00054309645202011
819.18819731676	0.00054205005289987
820.19703957658	0.00054100656416267
821.20836970829	0.00053996604401618
822.22219692612	0.00053892849246040
823.23859786210	0.00053789379308000
823.35759439959	0.00053777295397595
824.25744724431	0.00053686194587499
825.27882163048	0.00053583300905302
826.30273041881	0.00053480686619878
827.32918305417	0.00053378357551992
828.35818902842	0.00053276302060112
829.38975788074	0.00053174525965005
830.42396775125	0.00053073023445904
831.01353415449	0.00053015392040834
831.46069133901	0.00052971794502810
832.50000670957	0.00052870833314955
833.54192359418	0.00052770139882341
834.58645177287	0.00052669714204967
835.63360107475	0.00052569550462067
836.68345096912	0.00052469654474407
837.73587237779	0.00052370014600456
838.74058961461	0.00052275357302278
838.79094469525	0.00052270630840212
839.84867795006	0.00052171503193676
840.90908222142	0.00052072631660849
841.97216763952	0.00051974016241729
843.03794438581	0.00051875645294785
844.10649352446	0.00051777524640784
845.17768385823	0.00051679648458958
846.25159637629	0.00051582016749308
846.53959295489	0.00051555922254920
847.32824146856	0.00051484635332599
848.40762957788	0.00051387486746535
849.48977120040	0.00051290582632646
850.57467688586	0.00051193911349401
851.66242934281	0.00051097478717566
852.75289520437	0.00051001278916374
853.84615710401	0.00050905311945826
854.41103891161	0.00050855911104009
854.94222580940	0.00050809577805921
856.04111214359	0.00050714070675895
857.14282698536	0.00050618790555745
858.24745449371	0.00050523737445474
859.35485940067	0.00050428911345080
860.46512579013	0.00050334306433797
861.57826476735	0.00050239916890860
862.35571742523	0.00050174270290881
862.69428749512	0.00050145754357800
863.81320519415	0.00050051801372319
864.93502914343	0.00049958069575951
866.05984524393	0.00049864553147927
867.18751596005	0.00049771252088249
868.31812711769	0.00049678154755384
869.45169023285	0.00049585272790864
870.37428939744	0.00049510010285303
870.58821688169	0.00049492600373924
871.72771870102	0.00049400137504563
872.87028312924	0.00049307872541249
874.01577064327	0.00049215817125514
875.16426860658	0.00049123965436593
876.31578890241	0.00049032311653718
877.47034347662	0.00048940861597657
878.46742706984	0.00048862240510061
878.62794433810	0.00048849609447643
879.78860355921	0.00048758555203676
880.95241042587	0.00048667695955373
882.11922304369	0.00048577031702735
883.28913062395	0.00048486562445760
884.46214549703	0.00048396285274066
885.63828005894	0.00048306197277270
886.63581456066	0.00048230128595605
886.81754677168	0.00048216298455372
888.00003655276	0.00048126588808373
889.18560542896	0.00048037065425888
890.37434424342	0.00047947728307918
891.56626572671	0.00047858577454463
892.76138267762	0.00047769607044756
893.95970796368	0.00047680819989182
894.88006881882	0.00047612914931960
895.16125452159	0.00047592213377357
896.36611523075	0.00047503787209280
897.57414363697	0.00047415541484952
898.78543254577	0.00047327470383607
899.99999517529	0.00047239573905244
901.21784481518	0.00047151854960248
902.43899482714	0.00047064310638234
903.20105715970	0.00047009886475280
903.66353982424	0.00046976935118437
904.89133117674	0.00046889734221622
906.12246342438	0.00046802705037408
907.35695022192	0.00046715841745026
908.59480529860	0.00046629147254862
909.83604245873	0.00046542621566914
911.08067558210	0.00046456261770800
911.59942466600	0.00046420388389379
912.32880136777	0.00046370067866519
913.58026858900	0.00046284036943689
914.83517387228	0.00046198166091926
916.09353140481	0.00046112461131997
917.35535545192	0.00046026916243136
918.62066035766	0.00045941528514959
919.88954466564	0.00045856300857849
920.07582470644	0.00045843818224967
921.16185487122	0.00045771233271807
922.43768944625	0.00045686319936067
923.71706305509	0.00045601563761011
924.99999044356	0.00045516961836256
926.28648643953	0.00045432514161803
927.57656595346	0.00045348217827268
928.63109078235	0.00045279602636583
928.87032974980	0.00045264075743034
930.16762160409	0.00045180082088336
931.46854221016	0.00045096239773557
932.77310681471	0.00045012548798695
934.08133074998	0.00044929003342986
935.39322943433	0.00044845606316812
936.70881837289	0.00044762354809791
937.26590364503	0.00044727217755280
938.02820062852	0.00044679248821922
939.35121718776	0.00044596285442822
940.67797104417	0.00044513467582874
942.00847805599	0.00044430795242079
943.34275417131	0.00044348262599669
944.68081542871	0.00044265869655646
945.98104289362	0.00044186168815941
946.02276692562	0.00044183616410010
947.36844720135	0.00044101505773142
948.71796128533	0.00044019531924278
950.07132558456	0.00043937694863416
951.42855659979	0.00043855997500941
952.78967092622	0.00043774434016086
954.15468525411	0.00043693004408851
954.77712388890	0.00043655995978042
955.52370713326	0.00043611711589620
956.89657217975	0.00043530549737625
958.27338787712	0.00043449524673633
959.65417130295	0.00043368627666496
961.03893963338	0.00043287864536978
962.42771014383	0.00043207229464315
963.65504320089	0.00043136271415278
963.82059255650	0.00043126725358889
965.21741992185	0.00043046349310316
966.61830189757	0.00042966104228981
968.02325616346	0.00042885984294116
969.43230050228	0.00042805989505723
970.84545280046	0.00042726122774184
972.26273104887	0.00042646381189115
972.61553448825	0.00042626587674022
973.68424759021	0.00042566761840135
975.10983240952	0.00042487267637625
976.53959778728	0.00042407895671204
977.97356213983	0.00042328645940870
979.41174399190	0.00042249518446624
980.85416197730	0.00042170513188466
981.65934370996	0.00042126563494094
982.30093076186	0.00042091627256013
983.75187763955	0.00042012857738882
985.20711721618	0.00041934210457839
986.66666857021	0.00041855679592118
988.13055089334	0.00041777265141718
989.59878349134	0.00041698970017023
990.78722970771	0.00041635849629529
991.07138578486	0.00041620788397267
992.54847524421	0.00041542723192833
994.02987594731	0.00041464771493338
995.51570530737	0.00041386936209165
997.00598321335	0.00041309211519547
998.50072967351	0.00041231603245251
999.99996481626	0.00041154102655128
