82.71335392	0.482173015
82.76853294	0.481110012
82.82378563	0.480042522
82.87911214	0.478970511
82.93451262	0.477893941
82.98998721	0.476812777
83.04553606	0.475726981
83.10115933	0.474636516
83.15685716	0.473541344
83.2126297	0.472441426
83.2684771	0.471336723
83.32439952	0.470227196
83.3803971	0.469112804
83.43646999	0.467993506
83.49261836	0.466869262
83.54884234	0.46574003
83.6051421	0.464605767
83.66151779	0.463466429
83.71796955	0.462321975
83.77449756	0.461172358
83.83110195	0.460017535
83.88778288	0.45885746
83.94454051	0.457692086
84.001375	0.456521367
84.0582865	0.455345255
84.11527517	0.454163702
84.17234117	0.45297666
84.22948464	0.451784077
84.28670576	0.450585904
84.34400468	0.44938209
84.40138155	0.448172583
84.45883654	0.446957329
84.51636981	0.445736276
84.57398151	0.444509368
84.63167181	0.443276551
84.68944087	0.442037768
84.74728885	0.440792963
84.80521591	0.439542077
84.86322222	0.438285051
84.92130793	0.437021826
84.97947321	0.435752341
85.03771822	0.434476533
85.09604313	0.433194341
85.1544481	0.4319057
85.2129333	0.430610545
85.27149889	0.429308811
85.33014503	0.428000429
85.38887191	0.426685332
85.44767967	0.42536345
85.50656849	0.424034713
85.56553854	0.422699048
85.62458998	0.421356383
85.68372298	0.420006642
85.74293772	0.41864975
85.80223436	0.41728563
85.86161307	0.415914203
85.92107402	0.414535389
85.98061738	0.413149106
86.04024333	0.411755272
86.09995203	0.410353801
86.15974367	0.408944608
86.2196184	0.407527605
86.27957641	0.406102701
86.33961787	0.404669807
86.39974295	0.403228828
86.45995183	0.40177967
86.52024469	0.400322236
86.58062169	0.398856428
86.64108302	0.397382144
86.70162885	0.395899281
86.76225936	0.394407736
86.82297472	0.392907401
86.88377513	0.391398166
86.94466074	0.38987992
87.00563175	0.388352549
87.06668834	0.386815937
87.12783067	0.385269965
87.18905895	0.38371451
87.25037333	0.38214945
87.31177402	0.380574656
87.37326118	0.37899
87.43483501	0.377395347
87.49649568	0.375790564
87.55824339	0.374175509
87.62007831	0.372550042
87.68200062	0.370914017
87.74401052	0.369267284
87.8061082	0.367609692
87.86829382	0.365941083
87.9305676	0.364261297
87.9929297	0.362570172
88.05538033	0.360867537
88.11791966	0.359153221
88.18054789	0.357427046
88.24326521	0.355688832
88.3060718	0.353938392
88.36896786	0.352175534
88.43195359	0.350400063
88.49502916	0.348611777
88.55819478	0.346810469
88.62145063	0.344995926
88.68479691	0.343167929
88.74823382	0.341326253
88.81176155	0.339470668
88.87538029	0.337600934
88.93909024	0.335716807
89.00289159	0.333818034
89.06678455	0.331904356
89.13076931	0.329975504
89.19484607	0.328031203
89.25901502	0.326071169
89.32327637	0.324095106
89.38763032	0.322102713
89.45207706	0.320093676
89.5166168	0.318067673
89.58124973	0.316024369
89.64597607	0.313963419
89.71079601	0.311884467
89.77570975	0.309787143
89.84071751	0.307671064
89.90581948	0.305535836
89.97101587	0.303381046
90.03630688	0.301206271
90.10169272	0.299011069
90.1671736	0.296794982
90.23274973	0.294557534
90.29842131	0.292298231
90.36418855	0.290016561
90.43005166	0.287711988
90.49601085	0.285383956
90.56206634	0.283031886
90.62821832	0.280655174
90.69446702	0.278253191
90.76081264	0.275825279
90.8272554	0.273370751
90.89379552	0.27088889
90.9604332	0.268378945
91.02716866	0.265840131
91.09400211	0.263271623
91.16093378	0.260672559
91.22796388	0.258042031
91.29509263	0.255379088
91.36232024	0.252682729
91.42964693	0.249951899
91.49707292	0.247185488
91.56459844	0.244382324
91.63222369	0.241541173
91.69994891	0.238660726
91.76777432	0.235739601
91.83570013	0.232776332
91.90372658	0.229769366
91.97185388	0.226717052
92.04008226	0.223617635
92.10841194	0.220469246
92.17684315	0.217269893
92.24537612	0.214017447
92.31401107	0.210709636
92.38274824	0.207344022
92.45158784	0.203917995
92.52053011	0.200428749
92.58957528	0.19687327
92.65872358	0.193248309
92.72797525	0.189550366
92.7973305	0.18577566
92.86678958	0.181920107
92.93635272	0.177979289
93.00602015	0.173948425
93.07579211	0.169822344
93.14566883	0.165595455
93.21565055	0.161261725
93.2857375	0.156814668
93.35592993	0.152247345
93.42622807	0.147552406
93.49663216	0.142722173
93.56714244	0.137748818
93.63775915	0.13262467
93.70848254	0.127342747
93.77931283	0.121897632
93.85025029	0.116286879
93.92129514	0.110513212
93.99244764	0.104587828
94.06370802	0.098535068
94.13507654	0.092398349
94.20655344	0.086246233
94.27813897	0.080175637
94.34983337	0.074307294
94.42163689	0.068769484
94.49354979	0.063672629
94.56557232	0.059086139
94.63770471	0.055029703
94.70994724	0.051481019
94.78230014	0.048391953
94.85476367	0.045703956
94.92733809	0.043358484
95.00002364	0.041302373
95.0728206	0.039489778
95.1457292	0.037882253
95.21874972	0.036448004
95.2918824	0.035160891
95.3651275	0.033999432
95.43848529	0.032945936
95.51195603	0.031985772
95.58553997	0.031106776
95.65923738	0.030298778
95.73304852	0.029553227
95.80697365	0.028862888
95.88101304	0.028221603
95.95516696	0.027624105
96.02943567	0.02706586
96.10381943	0.026542949
96.17831851	0.026051966
96.25293319	0.025589933
96.32766373	0.025154244
96.4025104	0.024742599
96.47747347	0.024352965
96.55255321	0.02398354
96.62774991	0.023632715
96.70306382	0.023299055
96.77849523	0.022981272
96.8540444	0.022678206
96.92971163	0.022388812
97.00549717	0.022112145
97.08140131	0.021847347
97.15742434	0.02159364
97.23356652	0.021350311
97.30982814	0.021116712
97.38620948	0.020892248
97.46271082	0.020676375
97.53933245	0.020468592
97.61607465	0.020268436
97.6929377	0.020075483
97.76992189	0.019889338
97.84702751	0.019709638
97.92425484	0.019536045
98.00160417	0.019368245
98.07907579	0.019205946
98.15667	0.019048878
98.23438708	0.018896786
98.31222732	0.018749434
98.39019102	0.0186066
98.46827848	0.018468079
98.54648998	0.018333675
98.62482582	0.018203206
98.7032863	0.018076502
98.78187172	0.017953401
98.86058237	0.017833752
98.93941856	0.017717413
99.01838059	0.017604248
99.09746875	0.017494131
99.17668336	0.017386941
99.2560247	0.017282565
99.3354931	0.017180896
99.41508885	0.017081831
99.49481225	0.016985275
99.57466363	0.016891134
99.65464328	0.016799324
99.73475151	0.01670976
99.81498864	0.016622364
99.89535498	0.016537061
99.97585083	0.016453781
100.0564765	0.016372455
100.1372323	0.016293018
100.2181186	0.016215409
100.2991357	0.016139569
100.3802839	0.016065442
100.4615635	0.015992973
100.5429748	0.015922112
100.6245182	0.015852809
100.7061939	0.015785016
100.7880023	0.01571869
100.8699438	0.015653786
100.9520186	0.015590262
101.0342271	0.015528081
101.1165696	0.015467202
101.1990464	0.015407589
101.2816579	0.015349208
101.3644043	0.015292024
101.4472861	0.015236005
101.5303035	0.015181119
101.6134569	0.015127337
101.6967466	0.015074629
101.780173	0.015022968
101.8637364	0.014972326
101.947437	0.014922678
102.0312754	0.014873998
102.1152518	0.014826263
102.1993665	0.01477945
102.2836199	0.014733535
102.3680123	0.014688497
102.4525441	0.014644316
102.5372156	0.014600971
102.6220272	0.014558442
102.7069792	0.014516711
102.792072	0.014475759
102.8773059	0.014435569
102.9626812	0.014396124
103.0481984	0.014357407
103.1338578	0.014319401
103.2196596	0.014282093
103.3056044	0.014245466
103.3916924	0.014209505
103.477924	0.014174198
103.5642996	0.01413953
103.6508194	0.014105488
103.737484	0.014072059
103.8242936	0.01403923
103.9112486	0.01400699
103.9983494	0.013975327
104.0855964	0.013944229
104.1729898	0.013913685
104.2605302	0.013883684
104.3482177	0.013854216
104.4360529	0.013825271
104.5240361	0.01379684
104.6121677	0.013768911
104.700448	0.013741476
104.7888774	0.013714526
104.8774564	0.013688052
104.9661852	0.013662046
105.0550643	0.013636498
105.144094	0.013611402
105.2332747	0.013586748
105.3226069	0.01356253
105.4120908	0.013538739
105.5017269	0.013515369
105.5915156	0.013492412
105.6814573	0.013469861
105.7715523	0.01344771
105.8618011	0.013425952
105.952204	0.01340458
106.0427614	0.013383588
106.1334738	0.01336297
106.2243415	0.013342721
106.3153649	0.013322833
106.4065445	0.013303302
106.4978806	0.013284123
106.5893736	0.013265288
106.681024	0.013246794
106.7728321	0.013228635
106.8647983	0.013210807
106.9569232	0.013193303
107.049207	0.01317612
107.1416502	0.013159252
107.2342531	0.013142696
107.3270163	0.013126446
107.4199402	0.013110498
107.513025	0.013094848
107.6062714	0.013079492
107.6996796	0.013064425
107.7932501	0.013049645
107.8869834	0.013035146
107.9808798	0.013020924
108.0749398	0.013006977
108.1691638	0.012993301
108.2635523	0.012979892
108.3581056	0.012966745
108.4528242	0.012953859
108.5477086	0.01294123
108.6427591	0.012928854
108.7379762	0.012916728
108.8333604	0.012904849
108.9289121	0.012893214
109.0246317	0.01288182
109.1205197	0.012870664
109.2165765	0.012859743
109.3128025	0.012849055
109.4091983	0.012838595
109.5057642	0.012828363
109.6025008	0.012818355
109.6994084	0.012808568
109.7964875	0.012799
109.8937386	0.012789649
109.9911621	0.012780512
110.0887585	0.012771586
110.1865283	0.012762869
110.2844719	0.01275436
110.3825898	0.012746055
110.4808824	0.012737953
110.5793502	0.012730051
110.6779936	0.012722347
110.7768133	0.012714839
110.8758095	0.012707525
110.9749829	0.012700404
111.0743338	0.012693472
111.1738628	0.012686728
111.2735703	0.012680171
111.3734568	0.012673798
111.4735228	0.012667608
111.5737688	0.012661598
111.6741952	0.012655767
111.7748026	0.012650114
111.8755914	0.012644636
111.9765622	0.012639332
112.0777153	0.0126342
112.1790514	0.012629239
112.2805709	0.012624448
112.3822743	0.012619823
112.4841622	0.012615365
112.5862349	0.012611072
112.6884931	0.012606941
112.7909372	0.012602973
112.8935677	0.012599164
112.9963851	0.012595515
113.09939	0.012592023
113.2025829	0.012588688
113.3059643	0.012585507
113.4095346	0.01258248
113.5132945	0.012579606
113.6172444	0.012576883
113.7213849	0.012574309
113.8257164	0.012571885
113.9302396	0.012569608
114.0349549	0.012567478
114.1398628	0.012565493
114.244964	0.012563652
114.3502589	0.012561955
114.455748	0.012560399
114.561432	0.012558985
114.6673113	0.01255771
114.7733866	0.012556575
114.8796582	0.012555578
114.9861269	0.012554717
115.092793	0.012553993
115.1996573	0.012553404
115.3067201	0.01255295
115.4139822	0.012552628
115.521444	0.012552439
115.6291061	0.012552382
115.7369691	0.012552455
115.8450335	0.012552658
115.9532999	0.01255299
116.0617688	0.012553451
116.1704409	0.012554039
116.2793167	0.012554753
116.3883967	0.012555593
116.4976816	0.012556559
116.6071719	0.012557648
116.7168682	0.012558862
116.8267711	0.012560198
116.9368811	0.012561657
117.0471989	0.012563237
117.1577251	0.012564938
117.2684602	0.012566759
117.3794048	0.012568699
117.4905595	0.012570759
117.601925	0.012572936
117.7135018	0.012575232
117.8252905	0.012577644
117.9372917	0.012580173
118.0495061	0.012582817
118.1619342	0.012585577
118.2745766	0.012588451
118.387434	0.01259144
118.500507	0.012594542
118.6137963	0.012597757
118.7273023	0.012601085
118.8410257	0.012604525
118.9549673	0.012608076
119.0691275	0.012611738
119.1835071	0.012615511
119.2981066	0.012619394
119.4129267	0.012623386
119.5279681	0.012627488
119.6432313	0.012631698
119.7587171	0.012636016
119.874426	0.012640443
119.9903587	0.012644976
120.1065159	0.012649617
120.2228981	0.012654364
120.3395062	0.012659217
120.4563407	0.012664176
120.5734022	0.01266924
120.6906915	0.012674409
120.8082092	0.012679683
120.925956	0.012685061
121.0439326	0.012690543
121.1621395	0.012696129
121.2805776	0.012701818
121.3992474	0.012707609
121.5181497	0.012713504
121.6372852	0.0127195
121.7566544	0.012725599
121.8762582	0.012731799
121.9960972	0.0127381
122.1161721	0.012744503
122.2364836	0.012751006
122.3570324	0.012757609
122.4778192	0.012764313
122.5988447	0.012771117
122.7201097	0.012778021
122.8416147	0.012785024
122.9633606	0.012792126
123.0853481	0.012799327
123.2075778	0.012806627
123.3300506	0.012814025
123.452767	0.012821521
123.575728	0.012829116
123.6989341	0.012836808
123.8223861	0.012844598
123.9460848	0.012852486
124.0700309	0.012860471
124.1942251	0.012868552
124.3186682	0.012876731
124.443361	0.012885006
124.5683041	0.012893378
124.6934984	0.012901846
124.8189445	0.01291041
124.9446434	0.012919071
125.0705956	0.012927827
125.1968021	0.012936679
125.3232635	0.012945626
125.4499807	0.012954669
125.5769543	0.012963808
125.7041853	0.012973041
125.8316743	0.012982369
125.9594222	0.012991793
126.0874298	0.013001311
126.2156977	0.013010924
126.344227	0.013020632
126.4730182	0.013030434
126.6020723	0.01304033
126.7313901	0.013050321
126.8609723	0.013060406
126.9908197	0.013070586
127.1209333	0.013080859
127.2513137	0.013091226
127.3819619	0.013101687
127.5128786	0.013112243
127.6440647	0.013122892
127.775521	0.013133634
127.9072483	0.013144471
128.0392476	0.013155401
128.1715195	0.013166425
128.304065	0.013177542
128.436885	0.013188753
128.5699802	0.013200057
128.7033515	0.013211455
128.8369999	0.013222946
128.9709261	0.013234531
129.105131	0.013246209
129.2396155	0.013257981
129.3743805	0.013269846
129.5094268	0.013281804
129.6447554	0.013293856
129.780367	0.013306001
129.9162627	0.01331824
130.0524433	0.013330572
130.1889096	0.013342997
130.3256627	0.013355516
130.4627033	0.013368128
130.6000325	0.013380834
130.7376511	0.013393633
130.87556	0.013406526
131.0137602	0.013419513
131.1522525	0.013432593
131.291038	0.013445767
131.4301175	0.013459035
131.5694919	0.013472396
131.7091623	0.013485851
131.8491295	0.0134994
131.9893946	0.013513043
132.1299583	0.013526781
132.2708218	0.013540612
132.411986	0.013554537
132.5534518	0.013568557
132.6952202	0.01358267
132.8372922	0.013596879
132.9796687	0.013611181
133.1223507	0.013625579
133.2653393	0.013640071
133.4086354	0.013654657
133.5522399	0.013669339
133.696154	0.013684115
133.8403785	0.013698987
133.9849146	0.013713953
134.1297631	0.013729015
134.2749252	0.013744173
134.4204018	0.013759426
134.566194	0.013774774
134.7123028	0.013790218
134.8587292	0.013805758
135.0054743	0.013821395
135.1525391	0.013837127
135.2999246	0.013852955
135.447632	0.01386888
135.5956622	0.013884902
135.7440163	0.01390102
135.8926954	0.013917235
136.0417005	0.013933547
136.1910328	0.013949956
136.3406933	0.013966463
136.490683	0.013983067
136.6410032	0.013999769
136.7916548	0.014016568
136.9426389	0.014033466
137.0939568	0.014050462
137.2456094	0.014067556
137.3975979	0.014084748
137.5499234	0.01410204
137.702587	0.01411943
137.8555899	0.014136919
138.0089331	0.014154508
138.1626179	0.014172196
138.3166454	0.014189984
138.4710166	0.014207871
138.6257328	0.014225859
138.7807952	0.014243947
138.9362048	0.014262136
139.0919629	0.014280425
139.2480706	0.014298816
139.4045291	0.014317307
139.5613396	0.0143359
139.7185032	0.014354594
139.8760213	0.014373391
140.0338949	0.014392289
140.1921253	0.01441129
140.3507137	0.014430393
140.5096612	0.014449599
140.6689693	0.014468909
140.8286389	0.014488321
140.9886715	0.014507837
141.1490681	0.014527457
141.3098302	0.014547181
141.4709588	0.01456701
141.6324553	0.014586942
141.794321	0.01460698
141.9565571	0.014627123
142.1191648	0.014647372
142.2821455	0.014667726
142.4455004	0.014688186
142.6092309	0.014708753
142.7733382	0.014729425
142.9378236	0.014750205
143.1026884	0.014771092
143.267934	0.014792087
143.4335617	0.014813189
143.5995728	0.014834399
143.7659686	0.014855718
143.9327504	0.014877145
144.0999197	0.014898681
144.2674778	0.014920327
144.4354259	0.014942082
144.6037656	0.014963947
144.7724981	0.014985923
144.9416249	0.015008009
145.1111472	0.015030206
145.2810666	0.015052514
145.4513844	0.015074934
145.622102	0.015097466
145.7932208	0.01512011
145.9647422	0.015142867
146.1366677	0.015165737
146.3089987	0.01518872
146.4817366	0.015211817
146.6548828	0.015235028
146.8284389	0.015258354
147.0024063	0.015281794
147.1767863	0.01530535
147.3515806	0.015329021
147.5267906	0.015352808
147.7024177	0.015376712
147.8784635	0.015400732
148.0549295	0.01542487
148.2318171	0.015449125
148.4091278	0.015473498
148.5868633	0.015497989
148.765025	0.015522599
148.9436145	0.015547328
149.1226333	0.015572177
149.3020829	0.015597145
149.4819649	0.015622235
149.6622809	0.015647445
149.8430325	0.015672776
150.0242211	0.015698229
150.2058485	0.015723804
150.3879162	0.015749501
150.5704258	0.015775322
150.753379	0.015801266
150.9367772	0.015827334
151.1206223	0.015853527
151.3049157	0.015879844
151.4896592	0.015906286
151.6748544	0.015932855
151.8605029	0.015959549
152.0466065	0.01598637
152.2331667	0.016013318
152.4201854	0.016040394
152.6076641	0.016067599
152.7956045	0.016094931
152.9840085	0.016122393
153.1728776	0.016149985
153.3622137	0.016177706
153.5520184	0.016205558
153.7422935	0.016233542
153.9330408	0.016261657
154.124262	0.016289904
154.3159588	0.016318284
154.5081331	0.016346797
154.7007866	0.016375444
154.8939212	0.016404225
155.0875386	0.016433141
155.2816407	0.016462192
155.4762292	0.016491379
155.671306	0.016520703
155.866873	0.016550164
156.0629319	0.016579762
156.2594847	0.016609498
156.4565333	0.016639373
156.6540794	0.016669388
156.852125	0.016699542
157.050672	0.016729836
157.2497223	0.016760272
157.4492778	0.016790849
157.6493404	0.016821569
157.8499121	0.016852431
158.0509948	0.016883437
158.2525904	0.016914587
158.454701	0.016945881
158.6573285	0.016977321
158.8604749	0.017008907
159.0641422	0.017040639
159.2683323	0.017072518
159.4730474	0.017104545
159.6782894	0.017136721
159.8840604	0.017169045
160.0903624	0.01720152
160.2971975	0.017234144
160.5045678	0.01726692
160.7124752	0.017299848
160.920922	0.017332927
161.1299102	0.01736616
161.339442	0.017399547
161.5495194	0.017433088
161.7601446	0.017466785
161.9713197	0.017500637
162.1830469	0.017534645
162.3953284	0.017568811
162.6081663	0.017603135
162.8215628	0.017637618
163.0355202	0.01767226
163.2500406	0.017707062
163.4651263	0.017742025
163.6807795	0.01777715
163.8970025	0.017812437
164.1137975	0.017847887
164.3311667	0.017883501
164.5491126	0.01791928
164.7676373	0.017955224
164.9867432	0.017991334
165.2064326	0.018027611
165.4267078	0.018064056
165.6475713	0.01810067
165.8690252	0.018137453
166.0910721	0.018174406
166.3137143	0.01821153
166.5369542	0.018248826
166.7607942	0.018286294
166.9852367	0.018323936
167.2102842	0.018361753
167.4359391	0.018399744
167.6622039	0.018437911
167.889081	0.018476255
168.116573	0.018514777
168.3446823	0.018553477
168.5734115	0.018592357
168.8027631	0.018631417
169.0327396	0.018670658
169.2633436	0.018710082
169.4945777	0.018749688
169.7264444	0.018789478
169.9589464	0.018829453
170.1920863	0.018869614
170.4258666	0.018909962
170.6602901	0.018950497
170.8953593	0.01899122
171.1310771	0.019032133
171.367446	0.019073236
171.6044687	0.019114531
171.842148	0.019156019
172.0804867	0.019197699
172.3194873	0.019239574
172.5591528	0.019281644
172.7994859	0.019323911
173.0404894	0.019366374
173.282166	0.019409037
173.5245187	0.019451898
173.7675503	0.01949496
174.0112635	0.019538223
174.2556613	0.019581689
174.5007467	0.019625359
174.7465224	0.019669233
174.9929914	0.019713312
175.2401566	0.019757598
175.488021	0.019802093
175.7365876	0.019846796
175.9858594	0.019891709
176.2358393	0.019936833
176.4865304	0.019982169
176.7379357	0.020027719
176.9900583	0.020073483
177.2429013	0.020119463
177.4964676	0.02016566
177.7507606	0.020212074
178.0057832	0.020258708
178.2615386	0.020305562
178.51803	0.020352638
178.7752606	0.020399936
179.0332336	0.020447458
179.2919521	0.020495205
179.5514195	0.020543179
179.811639	0.02059138
180.0726138	0.02063981
180.3343472	0.02068847
180.5968426	0.020737361
180.8601033	0.020786485
181.1241327	0.020835843
181.388934	0.020885435
181.6545108	0.020935265
181.9208664	0.020985332
182.1880042	0.021035638
182.4559278	0.021086184
182.7246405	0.021136973
182.9941458	0.021188004
183.2644474	0.02123928
183.5355486	0.021290802
183.8074532	0.021342571
184.0801645	0.021394588
184.3536863	0.021446856
184.6280221	0.021499375
184.9031757	0.021552147
185.1791506	0.021605173
185.4559505	0.021658455
185.7335792	0.021711994
186.0120403	0.021765792
186.2913377	0.02181985
186.571475	0.021874169
186.8524561	0.021928752
187.1342849	0.021983599
187.4169651	0.022038713
187.7005006	0.022094094
187.9848953	0.022149745
188.2701531	0.022205666
188.5562779	0.02226186
188.8432738	0.022318328
189.1311446	0.022375071
189.4198945	0.022432092
189.7095273	0.022489391
190.0000473	0.022546971
190.2914584	0.022604833
190.5837648	0.022662979
190.8769706	0.022721411
191.1710799	0.02278013
191.466097	0.022839137
191.7620261	0.022898435
192.0588713	0.022958026
192.356637	0.02301791
192.6553275	0.023078091
192.9549469	0.023138569
193.2554998	0.023199346
193.5569905	0.023260425
193.8594233	0.023321806
194.1628026	0.023383493
194.467133	0.023445486
194.772419	0.023507788
195.0786649	0.0235704
195.3858754	0.023633325
195.694055	0.023696563
196.0032083	0.023760118
196.31334	0.023823991
196.6244546	0.023888184
196.936557	0.023952699
197.2496516	0.024017538
197.5637434	0.024082704
197.8788371	0.024148197
198.1949375	0.02421402
198.5120494	0.024280175
198.8301777	0.024346664
199.1493273	0.02441349
199.469503	0.024480654
199.79071	0.024548159
200.112953	0.024616006
200.4362373	0.024684198
200.7605678	0.024752736
201.0859496	0.024821624
201.4123878	0.024890863
201.7398876	0.024960456
202.0684542	0.025030405
202.3980928	0.025100711
202.7288086	0.025171378
203.060607	0.025242408
203.3934932	0.025313802
203.7274727	0.025385564
204.0625508	0.025457695
204.3987329	0.025530199
204.7360246	0.025603077
205.0744312	0.025676331
205.4139584	0.025749965
205.7546117	0.025823981
206.0963968	0.025898381
206.4393193	0.025973168
206.7833848	0.026048343
207.1285991	0.026123911
207.474968	0.026199873
207.8224973	0.026276232
208.1711928	0.02635299
208.5210603	0.026430151
208.8721059	0.026507716
209.2243354	0.026585689
209.5777549	0.026664072
209.9323704	0.026742868
210.2881879	0.026822079
210.6452137	0.026901709
211.0034539	0.02698176
211.3629146	0.027062236
211.7236022	0.027143138
212.0855229	0.027224469
212.448683	0.027306234
212.813089	0.027388433
213.1787472	0.027471072
213.5456642	0.027554151
213.9138463	0.027637676
214.2833003	0.027721647
214.6540327	0.027806069
215.0260501	0.027890945
215.3993592	0.027976277
215.7739667	0.028062069
216.1498796	0.028148324
216.5271045	0.028235045
216.9056484	0.028322235
217.2855182	0.028409897
217.6667208	0.028498036
218.0492634	0.028586654
218.433153	0.028675754
218.8183966	0.028765339
219.2050016	0.028855414
219.592975	0.028945982
219.9823243	0.029037045
220.3730566	0.029128608
220.7651795	0.029220674
221.1587003	0.029313246
221.5536266	0.029406329
221.9499658	0.029499925
222.3477256	0.029594038
222.7469136	0.029688673
223.1475376	0.029783832
223.5496052	0.029879519
223.9531243	0.029975739
224.3581029	0.030072494
224.7645487	0.030169789
225.1724698	0.030267628
225.5818743	0.030366015
225.9927703	0.030464953
226.4051658	0.030564446
226.8190693	0.030664499
227.2344888	0.030765116
227.6514328	0.0308663
228.0699097	0.030968056
228.489928	0.031070387
228.9114961	0.031173299
229.3346227	0.031276795
229.7593164	0.03138088
230.185586	0.031485558
230.6134403	0.031590833
231.042888	0.03169671
231.4739382	0.031803193
231.9065998	0.031910286
232.3408818	0.032017995
232.7767934	0.032126324
233.2143438	0.032235277
233.6535421	0.032344858
234.0943979	0.032455074
234.5369204	0.032565928
234.9811191	0.032677425
235.4270036	0.03278957
235.8745834	0.032902369
236.3238683	0.033015825
236.7748681	0.033129944
237.2275925	0.033244731
237.6820515	0.03336019
238.138255	0.033476328
238.5962132	0.033593149
239.0559362	0.033710659
239.5174341	0.033828862
239.9807174	0.033947765
240.4457963	0.034067371
240.9126813	0.034187688
241.381383	0.03430872
241.851912	0.034430473
242.3242791	0.034552952
242.7984949	0.034676163
243.2745704	0.034800112
243.7525165	0.034924805
244.2323443	0.035050247
244.7140649	0.035176444
245.1976895	0.035303403
245.6832295	0.035431128
246.1706962	0.035559627
246.6601012	0.035688905
247.1514559	0.035818968
247.6447722	0.035949823
248.1400618	0.036081476
248.6373364	0.036213934
249.1366082	0.036347202
249.6378891	0.036481287
250.1411913	0.036616196
250.646527	0.036751935
251.1539087	0.036888511
251.6633486	0.037025932
252.1748595	0.037164202
252.6884539	0.037303331
253.2041447	0.037443323
253.7219445	0.037584188
254.2418666	0.03772593
254.7639238	0.037868559
255.2881294	0.038012081
255.8144967	0.038156502
256.343039	0.038301832
256.8737699	0.038448077
257.4067031	0.038595244
257.9418521	0.038743342
258.479231	0.038892378
259.0188536	0.03904236
259.5607341	0.039193296
260.1048865	0.039345193
260.6513254	0.039498061
261.200065	0.039651906
261.75112	0.039806737
262.304505	0.039962562
262.8602349	0.04011939
263.4183246	0.04027723
263.9787891	0.040436089
264.5416437	0.040595977
265.1069036	0.040756902
265.6745843	0.040918873
266.2447015	0.041081899
266.8172707	0.041245989
267.3923079	0.041411153
267.9698291	0.041577398
268.5498504	0.041744736
269.132388	0.041913174
269.7174584	0.042082724
270.3050782	0.042253393
270.8952639	0.042425193
271.4880326	0.042598133
272.0834011	0.042772222
272.6813865	0.042947471
273.2820063	0.043123891
273.8852779	0.043301491
274.4912188	0.043480282
275.0998467	0.043660274
275.7111797	0.043841478
276.3252358	0.044023905
276.9420332	0.044207566
277.5615903	0.044392471
278.1839257	0.044578632
278.8090582	0.04476606
279.4370065	0.044954767
280.0677898	0.045144763
280.7014273	0.045336061
281.3379385	0.045528672
281.9773429	0.045722608
282.6196603	0.045917882
283.2649107	0.046114504
283.9131141	0.046312489
284.564291	0.046511848
285.2184618	0.046712593
285.8756472	0.046914738
286.5358681	0.047118296
287.1991456	0.047323279
287.8655009	0.0475297
288.5349555	0.047737573
289.2075312	0.047946912
289.8832497	0.04815773
290.5621332	0.048370041
291.2442039	0.048583859
291.9294844	0.048799198
292.6179974	0.049016072
293.3097657	0.049234497
294.0048125	0.049454485
294.7031612	0.049676053
295.4048354	0.049899216
296.1098589	0.050123987
296.8182557	0.050350384
297.5300501	0.050578421
298.2452665	0.050808115
298.9639298	0.05103948
299.6860649	0.051272534
300.411697	0.051507292
301.1408517	0.051743772
301.8735545	0.051981989
302.6098314	0.05222196
303.3497088	0.052463704
304.0932129	0.052707237
304.8403707	0.052952576
305.5912091	0.05319974
306.3457553	0.053448746
307.1040368	0.053699613
307.8660816	0.053952359
308.6319176	0.054207002
309.4015733	0.054463562
310.1750772	0.054722058
310.9524583	0.054982509
311.7337459	0.055244935
312.5189695	0.055509355
313.3081588	0.055775791
314.101344	0.056044261
314.8985555	0.056314786
315.6998241	0.056587389
316.5051808	0.056862089
317.314657	0.057138908
318.1282843	0.057417868
318.9460948	0.057698991
319.7681208	0.057982299
320.594395	0.058267815
321.4249505	0.058555561
322.2598205	0.05884556
323.0990388	0.059137837
323.9426394	0.059432415
324.7906568	0.059729317
325.6431257	0.060028569
326.5000813	0.060330194
327.3615591	0.060634218
328.2275949	0.060940667
329.0982251	0.061249566
329.9734864	0.06156094
330.8534157	0.061874817
331.7380505	0.062191224
332.6274286	0.062510186
333.5215884	0.062831732
334.4205684	0.063155889
335.3244078	0.063482686
336.233146	0.063812151
337.146823	0.064144314
338.0654792	0.064479203
338.9891554	0.064816848
339.9178928	0.06515728
340.8517332	0.065500528
341.7907187	0.065846625
342.7348919	0.066195602
343.6842961	0.066547489
344.6389747	0.066902321
345.5989718	0.067260128
346.5643321	0.067620946
347.5351005	0.067984807
348.5113227	0.068351745
349.4930447	0.068721796
350.4803132	0.069094993
351.4731753	0.069471374
352.4716786	0.069850974
353.4758715	0.070233829
354.4858025	0.070619977
355.5015211	0.071009456
356.5230772	0.071402303
357.5505213	0.071798558
358.5839043	0.07219826
359.6232779	0.072601449
360.6686944	0.073008165
361.7202066	0.07341845
362.7778681	0.073832345
363.8417328	0.074249892
364.9118555	0.074671135
365.9882917	0.075096117
367.0710973	0.075524882
368.160329	0.075957475
369.2560443	0.076393941
370.3583011	0.076834328
371.4671583	0.077278681
372.5826753	0.077727048
373.7049123	0.078179478
374.8339302	0.07863602
375.9697905	0.079096723
377.1125559	0.079561638
378.2622893	0.080030816
379.4190547	0.08050431
380.5829168	0.080982172
381.7539412	0.081464457
382.9321941	0.081951218
384.1177427	0.082442511
385.3106549	0.082938392
386.5109996	0.083438919
387.7188465	0.083944149
388.9342661	0.084454142
390.1573298	0.084968956
391.38811	0.085488654
392.62668	0.086013297
393.8731139	0.086542947
395.1274869	0.087077669
396.389875	0.087617526
397.6603554	0.088162585
398.939006	0.088712913
400.2259061	0.089268578
401.5211355	0.089829649
402.8247756	0.090396195
404.1369084	0.090968288
405.4576173	0.091546001
406.7869865	0.092129407
408.1251016	0.092718581
409.4720491	0.0933136
410.8279168	0.09391454
412.1927936	0.09452148
413.5667696	0.0951345
414.9499361	0.095753681
416.3423855	0.096379107
417.7442117	0.09701086
419.1555097	0.097649028
420.5763759	0.098293695
422.0069078	0.098944952
423.4472044	0.099602887
424.897366	0.100267592
426.3574944	0.10093916
427.8276927	0.101617686
429.3080653	0.102303266
430.7987183	0.102995998
432.2997592	0.103695981
433.8112968	0.104403317
435.3334417	0.105118109
436.8663059	0.105840462
438.4100031	0.106570482
439.9646485	0.107308279
441.530359	0.108053963
443.1072531	0.108807646
444.6954512	0.109569443
446.2950751	0.110339472
447.9062487	0.111117849
449.5290974	0.111904698
451.1637487	0.112700139
452.8103317	0.1135043
454.4689776	0.114317308
456.1398194	0.115139292
457.8229922	0.115970385
459.5186329	0.116810722
461.2268806	0.11766044
462.9478764	0.118519679
464.6817636	0.119388582
466.4286875	0.120267294
468.1887958	0.121155963
469.9622382	0.122054739
471.7491668	0.122963777
473.5497362	0.123883232
475.364103	0.124813264
477.1924265	0.125754036
479.0348683	0.126705713
480.8915926	0.127668466
482.7627661	0.128642464
484.6485581	0.129627885
486.5491407	0.130624908
488.4646885	0.131633714
490.395379	0.13265449
492.3413924	0.133687426
494.3029119	0.134732715
496.2801235	0.135790556
498.2732164	0.136861148
500.2823826	0.137944699
502.3078173	0.139041416
504.349719	0.140151516
506.4082893	0.141275215
508.4837331	0.142412736
510.5762588	0.143564307
512.686078	0.14473016
514.8134061	0.145910531
516.958462	0.147105662
519.1214681	0.1483158
521.3026508	0.149541198
523.50224	0.150782111
525.7204698	0.152038804
527.9575782	0.153311543
530.2138072	0.154600604
532.4894029	0.155906266
534.7846159	0.157228815
537.0997008	0.158568544
539.4349169	0.159925749
541.7905279	0.161300738
544.1668021	0.16269382
546.5640127	0.164105315
548.9824375	0.165535548
551.4223595	0.166984851
553.8840664	0.168453566
556.3678515	0.169942039
558.874013	0.171450627
561.4028547	0.172979692
563.9546858	0.174529606
566.5298214	0.176100751
569.128582	0.177693515
571.7512944	0.179308295
574.3982911	0.1809455
577.0699111	0.182605545
579.7664994	0.184288857
582.4884079	0.185995873
585.2359947	0.187727038
588.009625	0.18948281
590.8096709	0.191263658
593.6365114	0.193070059
596.4905331	0.194902505
599.3721299	0.196761499
602.2817033	0.198647555
605.2196628	0.2005612
608.1864259	0.202502974
611.1824181	0.20447343
614.2080737	0.206473136
617.2638352	0.208502673
620.3501544	0.210562636
623.4674919	0.212653636
626.6163176	0.214776298
629.7971111	0.216931264
633.0103616	0.219119193
636.2565686	0.221340759
639.5362416	0.223596655
642.8499009	0.22588759
646.1980775	0.228214292
649.5813135	0.230577511
653.0001625	0.232978012
656.4551898	0.235416583
659.9469728	0.237894033
663.476101	0.240411191
667.0431768	0.24296891
670.6488156	0.245568063
674.2936461	0.248209551
677.9783108	0.250894296
681.7034664	0.253623247
685.4697839	0.256397378
689.2779493	0.259217691
693.1286641	0.262085215
697.0226454	0.265001009
700.9606264	0.267966161
704.9433573	0.27098179
708.971605	0.274049045
713.0461545	0.277169112
717.1678086	0.280343207
721.3373888	0.283572585
725.5557361	0.286858533
729.8237111	0.29020238
734.1421946	0.293605491
738.5120886	0.297069275
742.9343166	0.300595179
747.4098246	0.304184695
751.9395811	0.307839362
756.5245785	0.311560764
761.1658336	0.315350531
765.8643881	0.319210348
770.6213098	0.323141948
775.437693	0.327147121
780.3146596	0.331227709
785.25336	0.335385617
790.2549738	0.339622807
795.3207108	0.343941304
800.4518121	0.348343199
805.6495512	0.352830649
810.9152345	0.357405883
816.2502032	0.362071202
821.6558336	0.366828983
827.1335392	0.37168168
832.684771	0.376631833
838.3110195	0.381682063
844.0138155	0.386835082
849.7947321	0.392093694
855.6553854	0.397460798
861.5974367	0.402939395
867.6225936	0.408532589
873.7326118	0.414243592
879.929297	0.420075731
886.2145063	0.426032449
892.5901502	0.432117314
899.0581948	0.438334022
905.6206634	0.4446864
912.2796388	0.45117842
919.0372658	0.457814195
925.8957528	0.464597993
932.857375	0.471534242
939.9244764	0.478627533
947.0994724	0.485882636
954.3848529	0.493304497
961.7831851	0.500898258
969.2971163	0.508669256
976.929377	0.516623038
984.6827848	0.52476537
992.560247	0.533102245
1000.564765	0.541639896
1008.699438	0.550384808
1016.967466	0.559343729
1025.372156	0.568523682
1033.916924	0.577931982
1042.605302	0.587576246
1051.44094	0.597464412
1060.427614	0.607604755
1069.569232	0.618005899
1078.869834	0.628676843
1088.333604	0.639626975
1097.964875	0.650866094
1107.768133	0.66240443
1117.748026	0.674252671
1127.909372	0.686421983
1138.257164	0.69892404
1148.796582	0.711771048
1159.532999	0.724975779
1170.471989	0.738551595
1181.619342	0.752512491
1192.981066	0.766873123
1204.563407	0.78164885
1216.372852	0.796855773
1228.416147	0.812510777
1240.700309	0.828631583
